Time in s	CH II in Volt	
0,E+0	3,48E-03	
5,E-7	3,36E-03	
1,E-6	3,32E-03	
1,5E-6	3,28E-03	
2,E-6	3,24E-03	
2,5E-6	3,16E-03	
3,E-6	3,08E-03	
3,5E-6	2,96E-03	
4,E-6	2,88E-03	
4,5E-6	2,76E-03	
5,E-6	2,60E-03	
5,5E-6	2,48E-03	
6,E-6	2,40E-03	
6,5E-6	2,28E-03	
7,E-6	2,12E-03	
7,5E-6	2,00E-03	
8,E-6	1,92E-03	
8,5E-6	1,72E-03	
9,E-6	1,56E-03	
9,5E-6	1,44E-03	
1,E-5	1,28E-03	
1,05E-5	1,16E-03	
1,1E-5	1,04E-03	
1,15E-5	9,60E-04	
1,2E-5	8,80E-04	
1,25E-5	7,60E-04	
1,3E-5	6,40E-04	
1,35E-5	5,60E-04	
1,4E-5	4,80E-04	
1,45E-5	3,60E-04	
1,5E-5	3,20E-04	
1,55E-5	2,00E-04	
1,6E-5	1,20E-04	
1,65E-5	8,00E-05	
1,7E-5	-4,00E-05	
1,75E-5	-8,00E-05	
1,8E-5	-1,20E-04	
1,85E-5	-2,00E-04	
1,9E-5	-2,80E-04	
1,95E-5	-3,60E-04	
2,E-5	-4,40E-04	
2,05E-5	-5,20E-04	
2,1E-5	-6,00E-04	
2,15E-5	-6,80E-04	
2,2E-5	-7,60E-04	
2,25E-5	-8,40E-04	
2,3E-5	-9,60E-04	
2,35E-5	-1,04E-03	
2,4E-5	-1,08E-03	
2,45E-5	-1,20E-03	
2,5E-5	-1,28E-03	
2,55E-5	-1,36E-03	
2,6E-5	-1,44E-03	
2,65E-5	-1,52E-03	
2,7E-5	-1,56E-03	
2,75E-5	-1,68E-03	
2,8E-5	-1,68E-03	
2,85E-5	-1,76E-03	
2,9E-5	-1,84E-03	
2,95E-5	-1,88E-03	
3,E-5	-1,92E-03	
3,05E-5	-2,00E-03	
3,1E-5	-2,00E-03	
3,15E-5	-2,08E-03	
3,2E-5	-2,12E-03	
3,25E-5	-2,12E-03	
3,3E-5	-2,24E-03	
3,35E-5	-2,32E-03	
3,4E-5	-2,08E-03	
3,45E-5	-2,24E-03	
3,5E-5	-2,48E-03	
3,55E-5	-2,28E-03	
3,6E-5	-2,16E-03	
3,65E-5	-2,32E-03	
3,7E-5	-2,32E-03	
3,75E-5	-2,20E-03	
3,8E-5	-2,20E-03	
3,85E-5	-2,28E-03	
3,9E-5	-2,28E-03	
3,95E-5	-2,24E-03	
4,E-5	-2,20E-03	
4,05E-5	-2,20E-03	
4,1E-5	-2,16E-03	
4,15E-5	-2,08E-03	
4,2E-5	-2,08E-03	
4,25E-5	-2,08E-03	
4,3E-5	-2,04E-03	
4,35E-5	-1,96E-03	
4,4E-5	-1,96E-03	
4,45E-5	-1,92E-03	
4,5E-5	-1,80E-03	
4,55E-5	-1,68E-03	
4,6E-5	-1,56E-03	
4,65E-5	-1,44E-03	
4,7E-5	-1,28E-03	
4,75E-5	-1,12E-03	
4,8E-5	-9,20E-04	
4,85E-5	-8,00E-04	
4,9E-5	-6,80E-04	
4,95E-5	-4,80E-04	
5,E-5	-3,60E-04	
5,05E-5	-2,40E-04	
5,1E-5	-4,00E-05	
5,15E-5	1,20E-04	
5,2E-5	2,40E-04	
5,25E-5	3,60E-04	
5,3E-5	4,80E-04	
5,35E-5	5,60E-04	
5,4E-5	7,20E-04	
5,45E-5	8,40E-04	
5,5E-5	9,20E-04	
5,55E-5	1,04E-03	
5,6E-5	1,16E-03	
5,65E-5	1,24E-03	
5,7E-5	1,24E-03	
5,75E-5	1,32E-03	
5,8E-5	1,44E-03	
5,85E-5	1,52E-03	
5,9E-5	1,64E-03	
5,95E-5	1,80E-03	
6,E-5	1,96E-03	
6,05E-5	2,12E-03	
6,1E-5	2,28E-03	
6,15E-5	2,44E-03	
6,2E-5	2,56E-03	
6,25E-5	2,68E-03	
6,3E-5	2,68E-03	
6,35E-5	2,72E-03	
6,4E-5	2,72E-03	
6,45E-5	2,72E-03	
6,5E-5	2,72E-03	
6,55E-5	2,76E-03	
6,6E-5	2,76E-03	
6,65E-5	2,76E-03	
6,7E-5	2,80E-03	
6,75E-5	2,80E-03	
6,8E-5	2,84E-03	
6,85E-5	2,88E-03	
6,9E-5	2,92E-03	
6,95E-5	2,96E-03	
7,E-5	3,00E-03	
7,05E-5	3,08E-03	
7,1E-5	3,16E-03	
7,15E-5	3,20E-03	
7,2E-5	3,24E-03	
7,25E-5	3,28E-03	
7,3E-5	3,28E-03	
7,35E-5	3,32E-03	
7,4E-5	3,40E-03	
7,45E-5	3,40E-03	
7,5E-5	3,44E-03	
7,55E-5	3,48E-03	
7,6E-5	3,48E-03	
7,65E-5	3,48E-03	
7,7E-5	3,52E-03	
7,75E-5	3,56E-03	
7,8E-5	3,52E-03	
7,85E-5	3,56E-03	
7,9E-5	3,56E-03	
7,95E-5	3,60E-03	
8,E-5	3,60E-03	
8,05E-5	3,64E-03	
8,1E-5	3,64E-03	
8,15E-5	3,64E-03	
8,2E-5	3,64E-03	
8,25E-5	3,64E-03	
8,3E-5	3,60E-03	
8,35E-5	3,64E-03	
8,4E-5	3,60E-03	
8,45E-5	3,64E-03	
8,5E-5	3,60E-03	
8,55E-5	3,60E-03	
8,6E-5	3,60E-03	
8,65E-5	3,56E-03	
8,7E-5	3,56E-03	
8,75E-5	3,52E-03	
8,8E-5	3,48E-03	
8,85E-5	3,44E-03	
8,9E-5	3,40E-03	
8,95E-5	3,40E-03	
9,E-5	3,40E-03	
9,05E-5	3,40E-03	
9,1E-5	3,36E-03	
9,15E-5	3,36E-03	
9,2E-5	3,36E-03	
9,25E-5	3,32E-03	
9,3E-5	3,36E-03	
9,35E-5	3,32E-03	
9,4E-5	3,36E-03	
9,45E-5	3,32E-03	
9,5E-5	3,36E-03	
9,55E-5	3,32E-03	
9,6E-5	3,32E-03	
9,65E-5	3,24E-03	
9,7E-5	3,08E-03	
9,75E-5	2,96E-03	
9,8E-5	2,84E-03	
9,85E-5	2,72E-03	
9,9E-5	2,56E-03	
9,95E-5	2,48E-03	
1,E-4	2,36E-03	
1,005E-4	2,24E-03	
1,01E-4	2,12E-03	
1,015E-4	2,04E-03	
1,02E-4	1,88E-03	
1,025E-4	1,80E-03	
1,03E-4	1,64E-03	
1,035E-4	1,56E-03	
1,04E-4	1,44E-03	
1,045E-4	1,36E-03	
1,05E-4	1,32E-03	
1,055E-4	1,28E-03	
1,06E-4	1,24E-03	
1,065E-4	1,16E-03	
1,07E-4	1,08E-03	
1,075E-4	1,00E-03	
1,08E-4	8,80E-04	
1,085E-4	8,00E-04	
1,09E-4	7,20E-04	
1,095E-4	6,80E-04	
1,1E-4	6,00E-04	
1,105E-4	5,60E-04	
1,11E-4	4,80E-04	
1,115E-4	4,40E-04	
1,12E-4	3,60E-04	
1,125E-4	3,20E-04	
1,13E-4	4,00E-05	
1,135E-4	1,20E-04	
1,14E-4	2,00E-04	
1,145E-4	-1,20E-04	
1,15E-4	-2,40E-04	
1,155E-4	-4,00E-05	
1,16E-4	-1,20E-04	
1,165E-4	-4,00E-04	
1,17E-4	-4,00E-04	
1,175E-4	-3,60E-04	
1,18E-4	-4,80E-04	
1,185E-4	-6,40E-04	
1,19E-4	-6,80E-04	
1,195E-4	-7,20E-04	
1,2E-4	-8,00E-04	
1,205E-4	-9,20E-04	
1,21E-4	-9,60E-04	
1,215E-4	-1,00E-03	
1,22E-4	-1,04E-03	
1,225E-4	-1,12E-03	
1,23E-4	-1,12E-03	
1,235E-4	-1,16E-03	
1,24E-4	-1,24E-03	
1,245E-4	-1,24E-03	
1,25E-4	-1,24E-03	
1,255E-4	-1,20E-03	
1,26E-4	-1,24E-03	
1,265E-4	-1,28E-03	
1,27E-4	-1,28E-03	
1,275E-4	-1,28E-03	
1,28E-4	-1,28E-03	
1,285E-4	-1,32E-03	
1,29E-4	-1,36E-03	
1,295E-4	-1,36E-03	
1,3E-4	-1,36E-03	
1,305E-4	-1,40E-03	
1,31E-4	-1,40E-03	
1,315E-4	-1,40E-03	
1,32E-4	-1,36E-03	
1,325E-4	-1,36E-03	
1,33E-4	-1,36E-03	
1,335E-4	-1,32E-03	
1,34E-4	-1,24E-03	
1,345E-4	-1,24E-03	
1,35E-4	-1,20E-03	
1,355E-4	-1,12E-03	
1,36E-4	-1,08E-03	
1,365E-4	-1,04E-03	
1,37E-4	-1,00E-03	
1,375E-4	-1,04E-03	
1,38E-4	-9,60E-04	
1,385E-4	-1,00E-03	
1,39E-4	-1,00E-03	
1,395E-4	-9,60E-04	
1,4E-4	-9,60E-04	
1,405E-4	-9,20E-04	
1,41E-4	-8,40E-04	
1,415E-4	-8,00E-04	
1,42E-4	-7,60E-04	
1,425E-4	-7,20E-04	
1,43E-4	-6,40E-04	
1,435E-4	-6,00E-04	
1,44E-4	-5,20E-04	
1,445E-4	-4,40E-04	
1,45E-4	-3,20E-04	
1,455E-4	-2,00E-04	
1,46E-4	-8,00E-05	
1,465E-4	0,00E+00	
1,47E-4	8,00E-05	
1,475E-4	8,00E-05	
1,48E-4	1,20E-04	
1,485E-4	1,60E-04	
1,49E-4	2,00E-04	
1,495E-4	2,40E-04	
1,5E-4	3,20E-04	
1,505E-4	4,00E-04	
1,51E-4	4,00E-04	
1,515E-4	5,20E-04	
1,52E-4	6,00E-04	
1,525E-4	6,80E-04	
1,53E-4	4,00E-04	
1,535E-4	7,60E-04	
1,54E-4	8,80E-04	
1,545E-4	6,40E-04	
1,55E-4	7,60E-04	
1,555E-4	1,04E-03	
1,56E-4	1,04E-03	
1,565E-4	9,60E-04	
1,57E-4	1,12E-03	
1,575E-4	1,24E-03	
1,58E-4	1,24E-03	
1,585E-4	1,28E-03	
1,59E-4	1,36E-03	
1,595E-4	1,44E-03	
1,6E-4	1,48E-03	
1,605E-4	1,56E-03	
1,61E-4	1,68E-03	
1,615E-4	1,76E-03	
1,62E-4	1,84E-03	
1,625E-4	1,92E-03	
1,63E-4	2,00E-03	
1,635E-4	2,12E-03	
1,64E-4	2,24E-03	
1,645E-4	2,40E-03	
1,65E-4	2,52E-03	
1,655E-4	2,68E-03	
1,66E-4	2,84E-03	
1,665E-4	2,92E-03	
1,67E-4	3,00E-03	
1,675E-4	3,12E-03	
1,68E-4	3,24E-03	
1,685E-4	3,32E-03	
1,69E-4	3,40E-03	
1,695E-4	3,52E-03	
1,7E-4	3,60E-03	
1,705E-4	3,64E-03	
1,71E-4	3,64E-03	
1,715E-4	3,68E-03	
1,72E-4	3,72E-03	
1,725E-4	3,72E-03	
1,73E-4	3,72E-03	
1,735E-4	3,72E-03	
1,74E-4	3,76E-03	
1,745E-4	3,76E-03	
1,75E-4	3,80E-03	
1,755E-4	3,80E-03	
1,76E-4	3,84E-03	
1,765E-4	3,84E-03	
1,77E-4	3,84E-03	
1,775E-4	3,84E-03	
1,78E-4	3,88E-03	
1,785E-4	3,84E-03	
1,79E-4	3,84E-03	
1,795E-4	3,84E-03	
1,8E-4	3,84E-03	
1,805E-4	3,84E-03	
1,81E-4	3,84E-03	
1,815E-4	3,84E-03	
1,82E-4	3,84E-03	
1,825E-4	3,84E-03	
1,83E-4	3,84E-03	
1,835E-4	3,84E-03	
1,84E-4	3,84E-03	
1,845E-4	3,80E-03	
1,85E-4	3,76E-03	
1,855E-4	3,76E-03	
1,86E-4	3,72E-03	
1,865E-4	3,72E-03	
1,87E-4	3,72E-03	
1,875E-4	3,72E-03	
1,88E-4	3,72E-03	
1,885E-4	3,64E-03	
1,89E-4	3,60E-03	
1,895E-4	3,56E-03	
1,9E-4	3,44E-03	
1,905E-4	3,32E-03	
1,91E-4	3,16E-03	
1,915E-4	3,08E-03	
1,92E-4	3,00E-03	
1,925E-4	2,84E-03	
1,93E-4	2,56E-03	
1,935E-4	2,76E-03	
1,94E-4	2,68E-03	
1,945E-4	2,32E-03	
1,95E-4	2,32E-03	
1,955E-4	2,44E-03	
1,96E-4	2,20E-03	
1,965E-4	2,00E-03	
1,97E-4	2,04E-03	
1,975E-4	2,00E-03	
1,98E-4	1,84E-03	
1,985E-4	1,68E-03	
1,99E-4	1,64E-03	
1,995E-4	1,56E-03	
2,E-4	1,40E-03	
2,005E-4	1,36E-03	
2,01E-4	1,28E-03	
2,015E-4	1,16E-03	
2,02E-4	1,08E-03	
2,025E-4	9,60E-04	
2,03E-4	8,80E-04	
2,035E-4	8,40E-04	
2,04E-4	7,20E-04	
2,045E-4	6,40E-04	
2,05E-4	6,00E-04	
2,055E-4	5,20E-04	
2,06E-4	4,80E-04	
2,065E-4	4,40E-04	
2,07E-4	3,60E-04	
2,075E-4	2,80E-04	
2,08E-4	2,00E-04	
2,085E-4	1,20E-04	
2,09E-4	4,00E-05	
2,095E-4	-4,00E-05	
2,1E-4	-1,60E-04	
2,105E-4	-2,80E-04	
2,11E-4	-4,00E-04	
2,115E-4	-4,80E-04	
2,12E-4	-5,20E-04	
2,125E-4	-6,40E-04	
2,13E-4	-7,20E-04	
2,135E-4	-8,00E-04	
2,14E-4	-9,20E-04	
2,145E-4	-1,00E-03	
2,15E-4	-1,08E-03	
2,155E-4	-1,12E-03	
2,16E-4	-1,16E-03	
2,165E-4	-1,24E-03	
2,17E-4	-1,24E-03	
2,175E-4	-1,32E-03	
2,18E-4	-1,36E-03	
2,185E-4	-1,40E-03	
2,19E-4	-1,44E-03	
2,195E-4	-1,44E-03	
2,2E-4	-1,48E-03	
2,205E-4	-1,52E-03	
2,21E-4	-1,60E-03	
2,215E-4	-1,56E-03	
2,22E-4	-1,64E-03	
2,225E-4	-1,68E-03	
2,23E-4	-1,76E-03	
2,235E-4	-1,80E-03	
2,24E-4	-1,88E-03	
2,245E-4	-1,92E-03	
2,25E-4	-1,96E-03	
2,255E-4	-2,00E-03	
2,26E-4	-2,04E-03	
2,265E-4	-2,08E-03	
2,27E-4	-2,08E-03	
2,275E-4	-2,04E-03	
2,28E-4	-2,04E-03	
2,285E-4	-2,04E-03	
2,29E-4	-2,00E-03	
2,295E-4	-2,00E-03	
2,3E-4	-1,96E-03	
2,305E-4	-1,92E-03	
2,31E-4	-1,88E-03	
2,315E-4	-1,84E-03	
2,32E-4	-1,84E-03	
2,325E-4	-1,84E-03	
2,33E-4	-1,80E-03	
2,335E-4	-1,64E-03	
2,34E-4	-1,52E-03	
2,345E-4	-1,72E-03	
2,35E-4	-1,48E-03	
2,355E-4	-1,32E-03	
2,36E-4	-1,40E-03	
2,365E-4	-1,32E-03	
2,37E-4	-1,20E-03	
2,375E-4	-1,12E-03	
2,38E-4	-1,16E-03	
2,385E-4	-1,12E-03	
2,39E-4	-9,60E-04	
2,395E-4	-9,20E-04	
2,4E-4	-8,80E-04	
2,405E-4	-8,00E-04	
2,41E-4	-7,20E-04	
2,415E-4	-6,00E-04	
2,42E-4	-5,20E-04	
2,425E-4	-4,40E-04	
2,43E-4	-3,20E-04	
2,435E-4	-1,60E-04	
2,44E-4	-4,00E-05	
2,445E-4	1,60E-04	
2,45E-4	3,20E-04	
2,455E-4	4,80E-04	
2,46E-4	6,00E-04	
2,465E-4	7,20E-04	
2,47E-4	8,00E-04	
2,475E-4	8,80E-04	
2,48E-4	1,00E-03	
2,485E-4	1,04E-03	
2,49E-4	1,12E-03	
2,495E-4	1,20E-03	
2,5E-4	1,24E-03	
2,505E-4	1,32E-03	
2,51E-4	1,40E-03	
2,515E-4	1,44E-03	
2,52E-4	1,48E-03	
2,525E-4	1,52E-03	
2,53E-4	1,60E-03	
2,535E-4	1,68E-03	
2,54E-4	1,76E-03	
2,545E-4	1,84E-03	
2,55E-4	1,92E-03	
2,555E-4	2,08E-03	
2,56E-4	2,16E-03	
2,565E-4	2,16E-03	
2,57E-4	2,24E-03	
2,575E-4	2,32E-03	
2,58E-4	2,36E-03	
2,585E-4	2,40E-03	
2,59E-4	2,44E-03	
2,595E-4	2,52E-03	
2,6E-4	2,48E-03	
2,605E-4	2,52E-03	
2,61E-4	2,52E-03	
2,615E-4	2,52E-03	
2,62E-4	2,56E-03	
2,625E-4	2,60E-03	
2,63E-4	2,60E-03	
2,635E-4	2,64E-03	
2,64E-4	2,68E-03	
2,645E-4	2,72E-03	
2,65E-4	2,72E-03	
2,655E-4	2,76E-03	
2,66E-4	2,80E-03	
2,665E-4	2,80E-03	
2,67E-4	2,80E-03	
2,675E-4	2,80E-03	
2,68E-4	2,76E-03	
2,685E-4	2,76E-03	
2,69E-4	2,72E-03	
2,695E-4	2,72E-03	
2,7E-4	2,68E-03	
2,705E-4	2,64E-03	
2,71E-4	2,64E-03	
2,715E-4	2,64E-03	
2,72E-4	2,60E-03	
2,725E-4	2,48E-03	
2,73E-4	2,60E-03	
2,735E-4	2,68E-03	
2,74E-4	2,56E-03	
2,745E-4	2,48E-03	
2,75E-4	2,64E-03	
2,755E-4	2,60E-03	
2,76E-4	2,48E-03	
2,765E-4	2,48E-03	
2,77E-4	2,56E-03	
2,775E-4	2,52E-03	
2,78E-4	2,48E-03	
2,785E-4	2,56E-03	
2,79E-4	2,56E-03	
2,795E-4	2,56E-03	
2,8E-4	2,52E-03	
2,805E-4	2,56E-03	
2,81E-4	2,56E-03	
2,815E-4	2,56E-03	
2,82E-4	2,56E-03	
2,825E-4	2,60E-03	
2,83E-4	2,64E-03	
2,835E-4	2,68E-03	
2,84E-4	2,72E-03	
2,845E-4	2,76E-03	
2,85E-4	2,80E-03	
2,855E-4	2,88E-03	
2,86E-4	2,88E-03	
2,865E-4	2,96E-03	
2,87E-4	2,96E-03	
2,875E-4	2,96E-03	
2,88E-4	2,92E-03	
2,885E-4	2,88E-03	
2,89E-4	2,84E-03	
2,895E-4	2,80E-03	
2,9E-4	2,72E-03	
2,905E-4	2,68E-03	
2,91E-4	2,64E-03	
2,915E-4	2,52E-03	
2,92E-4	2,44E-03	
2,925E-4	2,36E-03	
2,93E-4	2,32E-03	
2,935E-4	2,24E-03	
2,94E-4	2,16E-03	
2,945E-4	2,08E-03	
2,95E-4	2,00E-03	
2,955E-4	1,88E-03	
2,96E-4	1,76E-03	
2,965E-4	1,60E-03	
2,97E-4	1,48E-03	
2,975E-4	1,36E-03	
2,98E-4	1,20E-03	
2,985E-4	1,04E-03	
2,99E-4	9,60E-04	
2,995E-4	8,00E-04	
3,E-4	7,20E-04	
3,005E-4	6,00E-04	
3,01E-4	4,40E-04	
3,015E-4	3,20E-04	
3,02E-4	1,60E-04	
3,025E-4	1,20E-04	
3,03E-4	-4,00E-05	
3,035E-4	-2,00E-04	
3,04E-4	-2,80E-04	
3,045E-4	-4,00E-04	
3,05E-4	-5,20E-04	
3,055E-4	-6,40E-04	
3,06E-4	-7,60E-04	
3,065E-4	-8,40E-04	
3,07E-4	-9,60E-04	
3,075E-4	-1,04E-03	
3,08E-4	-1,12E-03	
3,085E-4	-1,28E-03	
3,09E-4	-1,36E-03	
3,095E-4	-1,48E-03	
3,1E-4	-1,56E-03	
3,105E-4	-1,72E-03	
3,11E-4	-1,80E-03	
3,115E-4	-1,84E-03	
3,12E-4	-1,92E-03	
3,125E-4	-2,20E-03	
3,13E-4	-2,04E-03	
3,135E-4	-2,08E-03	
3,14E-4	-2,40E-03	
3,145E-4	-2,40E-03	
3,15E-4	-2,24E-03	
3,155E-4	-2,36E-03	
3,16E-4	-2,52E-03	
3,165E-4	-2,44E-03	
3,17E-4	-2,44E-03	
3,175E-4	-2,52E-03	
3,18E-4	-2,52E-03	
3,185E-4	-2,52E-03	
3,19E-4	-2,48E-03	
3,195E-4	-2,48E-03	
3,2E-4	-2,48E-03	
3,205E-4	-2,40E-03	
3,21E-4	-2,40E-03	
3,215E-4	-2,36E-03	
3,22E-4	-2,40E-03	
3,225E-4	-2,36E-03	
3,23E-4	-2,32E-03	
3,235E-4	-2,32E-03	
3,24E-4	-2,28E-03	
3,245E-4	-2,24E-03	
3,25E-4	-2,16E-03	
3,255E-4	-2,16E-03	
3,26E-4	-2,12E-03	
3,265E-4	-2,12E-03	
3,27E-4	-2,04E-03	
3,275E-4	-2,00E-03	
3,28E-4	-1,96E-03	
3,285E-4	-1,84E-03	
3,29E-4	-1,80E-03	
3,295E-4	-1,72E-03	
3,3E-4	-1,68E-03	
3,305E-4	-1,60E-03	
3,31E-4	-1,52E-03	
3,315E-4	-1,52E-03	
3,32E-4	-1,44E-03	
3,325E-4	-1,36E-03	
3,33E-4	-1,28E-03	
3,335E-4	-1,24E-03	
3,34E-4	-1,16E-03	
3,345E-4	-1,04E-03	
3,35E-4	-9,20E-04	
3,355E-4	-8,00E-04	
3,36E-4	-7,60E-04	
3,365E-4	-6,40E-04	
3,37E-4	-5,60E-04	
3,375E-4	-4,40E-04	
3,38E-4	-3,60E-04	
3,385E-4	-2,00E-04	
3,39E-4	-8,00E-05	
3,395E-4	0,00E+00	
3,4E-4	1,20E-04	
3,405E-4	2,80E-04	
3,41E-4	3,60E-04	
3,415E-4	4,40E-04	
3,42E-4	5,60E-04	
3,425E-4	6,40E-04	
3,43E-4	7,20E-04	
3,435E-4	8,00E-04	
3,44E-4	8,40E-04	
3,445E-4	9,60E-04	
3,45E-4	1,08E-03	
3,455E-4	1,16E-03	
3,46E-4	1,28E-03	
3,465E-4	1,36E-03	
3,47E-4	1,44E-03	
3,475E-4	1,52E-03	
3,48E-4	1,52E-03	
3,485E-4	1,64E-03	
3,49E-4	1,68E-03	
3,495E-4	1,76E-03	
3,5E-4	1,80E-03	
3,505E-4	1,88E-03	
3,51E-4	1,92E-03	
3,515E-4	1,92E-03	
3,52E-4	2,00E-03	
3,525E-4	2,00E-03	
3,53E-4	2,08E-03	
3,535E-4	2,16E-03	
3,54E-4	2,00E-03	
3,545E-4	2,16E-03	
3,55E-4	2,32E-03	
3,555E-4	2,28E-03	
3,56E-4	2,28E-03	
3,565E-4	2,40E-03	
3,57E-4	2,44E-03	
3,575E-4	2,44E-03	
3,58E-4	2,48E-03	
3,585E-4	2,56E-03	
3,59E-4	2,60E-03	
3,595E-4	2,64E-03	
3,6E-4	2,68E-03	
3,605E-4	2,72E-03	
3,61E-4	2,76E-03	
3,615E-4	2,76E-03	
3,62E-4	2,80E-03	
3,625E-4	2,80E-03	
3,63E-4	2,84E-03	
3,635E-4	2,84E-03	
3,64E-4	2,84E-03	
3,645E-4	2,84E-03	
3,65E-4	2,84E-03	
3,655E-4	2,88E-03	
3,66E-4	2,88E-03	
3,665E-4	2,88E-03	
3,67E-4	2,92E-03	
3,675E-4	2,92E-03	
3,68E-4	2,92E-03	
3,685E-4	2,92E-03	
3,69E-4	2,92E-03	
3,695E-4	2,92E-03	
3,7E-4	2,92E-03	
3,705E-4	2,92E-03	
3,71E-4	2,96E-03	
3,715E-4	2,92E-03	
3,72E-4	2,96E-03	
3,725E-4	2,96E-03	
3,73E-4	2,96E-03	
3,735E-4	2,96E-03	
3,74E-4	2,96E-03	
3,745E-4	3,00E-03	
3,75E-4	3,00E-03	
3,755E-4	3,00E-03	
3,76E-4	3,00E-03	
3,765E-4	3,00E-03	
3,77E-4	3,00E-03	
3,775E-4	3,00E-03	
3,78E-4	3,00E-03	
3,785E-4	3,00E-03	
3,79E-4	3,00E-03	
3,795E-4	2,96E-03	
3,8E-4	3,00E-03	
3,805E-4	2,96E-03	
3,81E-4	2,96E-03	
3,815E-4	2,92E-03	
3,82E-4	2,92E-03	
3,825E-4	2,92E-03	
3,83E-4	2,92E-03	
3,835E-4	2,88E-03	
3,84E-4	2,88E-03	
3,845E-4	2,88E-03	
3,85E-4	2,92E-03	
3,855E-4	2,84E-03	
3,86E-4	2,76E-03	
3,865E-4	2,64E-03	
3,87E-4	2,52E-03	
3,875E-4	2,40E-03	
3,88E-4	2,36E-03	
3,885E-4	2,24E-03	
3,89E-4	2,16E-03	
3,895E-4	2,00E-03	
3,9E-4	1,92E-03	
3,905E-4	1,80E-03	
3,91E-4	1,68E-03	
3,915E-4	1,52E-03	
3,92E-4	1,36E-03	
3,925E-4	1,32E-03	
3,93E-4	1,20E-03	
3,935E-4	1,12E-03	
3,94E-4	8,80E-04	
3,945E-4	9,20E-04	
3,95E-4	7,60E-04	
3,955E-4	5,60E-04	
3,96E-4	4,40E-04	
3,965E-4	3,60E-04	
3,97E-4	2,40E-04	
3,975E-4	8,00E-05	
3,98E-4	4,00E-05	
3,985E-4	-4,00E-05	
3,99E-4	-1,60E-04	
3,995E-4	-2,40E-04	
4,E-4	-3,20E-04	
4,005E-4	-4,00E-04	
4,01E-4	-5,20E-04	
4,015E-4	-6,00E-04	
4,02E-4	-6,80E-04	
4,025E-4	-7,60E-04	
4,03E-4	-8,00E-04	
4,035E-4	-8,80E-04	
4,04E-4	-9,20E-04	
4,045E-4	-9,60E-04	
4,05E-4	-9,60E-04	
4,055E-4	-1,04E-03	
4,06E-4	-1,08E-03	
4,065E-4	-1,16E-03	
4,07E-4	-1,20E-03	
4,075E-4	-1,24E-03	
4,08E-4	-1,24E-03	
4,085E-4	-1,28E-03	
4,09E-4	-1,28E-03	
4,095E-4	-1,32E-03	
4,1E-4	-1,32E-03	
4,105E-4	-1,36E-03	
4,11E-4	-1,40E-03	
4,115E-4	-1,44E-03	
4,12E-4	-1,48E-03	
4,125E-4	-1,48E-03	
4,13E-4	-1,52E-03	
4,135E-4	-1,56E-03	
4,14E-4	-1,56E-03	
4,145E-4	-1,64E-03	
4,15E-4	-1,64E-03	
4,155E-4	-1,72E-03	
4,16E-4	-1,76E-03	
4,165E-4	-1,80E-03	
4,17E-4	-1,84E-03	
4,175E-4	-1,88E-03	
4,18E-4	-1,88E-03	
4,185E-4	-1,84E-03	
4,19E-4	-1,88E-03	
4,195E-4	-1,88E-03	
4,2E-4	-1,88E-03	
4,205E-4	-1,84E-03	
4,21E-4	-1,84E-03	
4,215E-4	-1,76E-03	
4,22E-4	-1,72E-03	
4,225E-4	-1,64E-03	
4,23E-4	-1,56E-03	
4,235E-4	-1,44E-03	
4,24E-4	-1,36E-03	
4,245E-4	-1,28E-03	
4,25E-4	-1,20E-03	
4,255E-4	-1,16E-03	
4,26E-4	-1,16E-03	
4,265E-4	-1,16E-03	
4,27E-4	-1,12E-03	
4,275E-4	-1,12E-03	
4,28E-4	-1,08E-03	
4,285E-4	-1,00E-03	
4,29E-4	-9,60E-04	
4,295E-4	-8,80E-04	
4,3E-4	-8,40E-04	
4,305E-4	-8,00E-04	
4,31E-4	-7,20E-04	
4,315E-4	-6,80E-04	
4,32E-4	-5,20E-04	
4,325E-4	-3,60E-04	
4,33E-4	-1,60E-04	
4,335E-4	-2,00E-04	
4,34E-4	-8,00E-05	
4,345E-4	8,00E-05	
4,35E-4	8,00E-05	
4,355E-4	4,00E-05	
4,36E-4	1,20E-04	
4,365E-4	1,60E-04	
4,37E-4	1,60E-04	
4,375E-4	1,60E-04	
4,38E-4	2,40E-04	
4,385E-4	3,60E-04	
4,39E-4	4,80E-04	
4,395E-4	6,40E-04	
4,4E-4	7,60E-04	
4,405E-4	9,20E-04	
4,41E-4	1,00E-03	
4,415E-4	1,08E-03	
4,42E-4	1,16E-03	
4,425E-4	1,28E-03	
4,43E-4	1,36E-03	
4,435E-4	1,44E-03	
4,44E-4	1,52E-03	
4,445E-4	1,60E-03	
4,45E-4	1,64E-03	
4,455E-4	1,72E-03	
4,46E-4	1,76E-03	
4,465E-4	1,80E-03	
4,47E-4	1,84E-03	
4,475E-4	1,92E-03	
4,48E-4	2,00E-03	
4,485E-4	2,08E-03	
4,49E-4	2,08E-03	
4,495E-4	2,08E-03	
4,5E-4	2,08E-03	
4,505E-4	2,08E-03	
4,51E-4	2,08E-03	
4,515E-4	2,08E-03	
4,52E-4	2,04E-03	
4,525E-4	2,04E-03	
4,53E-4	2,04E-03	
4,535E-4	2,08E-03	
4,54E-4	2,08E-03	
4,545E-4	2,08E-03	
4,55E-4	2,12E-03	
4,555E-4	2,12E-03	
4,56E-4	2,16E-03	
4,565E-4	2,16E-03	
4,57E-4	2,16E-03	
4,575E-4	2,16E-03	
4,58E-4	2,16E-03	
4,585E-4	2,20E-03	
4,59E-4	2,20E-03	
4,595E-4	2,24E-03	
4,6E-4	2,28E-03	
4,605E-4	2,28E-03	
4,61E-4	2,32E-03	
4,615E-4	2,32E-03	
4,62E-4	2,36E-03	
4,625E-4	2,40E-03	
4,63E-4	2,44E-03	
4,635E-4	2,48E-03	
4,64E-4	2,48E-03	
4,645E-4	2,52E-03	
4,65E-4	2,56E-03	
4,655E-4	2,60E-03	
4,66E-4	2,64E-03	
4,665E-4	2,68E-03	
4,67E-4	2,68E-03	
4,675E-4	2,68E-03	
4,68E-4	2,72E-03	
4,685E-4	2,72E-03	
4,69E-4	2,72E-03	
4,695E-4	2,72E-03	
4,7E-4	2,76E-03	
4,705E-4	2,76E-03	
4,71E-4	2,76E-03	
4,715E-4	2,80E-03	
4,72E-4	2,80E-03	
4,725E-4	2,80E-03	
4,73E-4	2,80E-03	
4,735E-4	2,84E-03	
4,74E-4	2,88E-03	
4,745E-4	2,88E-03	
4,75E-4	2,92E-03	
4,755E-4	2,96E-03	
4,76E-4	2,96E-03	
4,765E-4	2,96E-03	
4,77E-4	3,00E-03	
4,775E-4	2,96E-03	
4,78E-4	2,96E-03	
4,785E-4	2,92E-03	
4,79E-4	2,84E-03	
4,795E-4	2,80E-03	
4,8E-4	2,76E-03	
4,805E-4	2,68E-03	
4,81E-4	2,64E-03	
4,815E-4	2,56E-03	
4,82E-4	2,52E-03	
4,825E-4	2,44E-03	
4,83E-4	2,44E-03	
4,835E-4	2,40E-03	
4,84E-4	2,36E-03	
4,845E-4	2,28E-03	
4,85E-4	2,24E-03	
4,855E-4	2,20E-03	
4,86E-4	2,08E-03	
4,865E-4	2,04E-03	
4,87E-4	1,96E-03	
4,875E-4	1,88E-03	
4,88E-4	1,88E-03	
4,885E-4	1,80E-03	
4,89E-4	1,80E-03	
4,895E-4	1,76E-03	
4,9E-4	1,76E-03	
4,905E-4	1,72E-03	
4,91E-4	1,68E-03	
4,915E-4	1,64E-03	
4,92E-4	1,64E-03	
4,925E-4	1,64E-03	
4,93E-4	1,56E-03	
4,935E-4	1,52E-03	
4,94E-4	1,48E-03	
4,945E-4	1,44E-03	
4,95E-4	1,28E-03	
4,955E-4	1,16E-03	
4,96E-4	1,04E-03	
4,965E-4	9,20E-04	
4,97E-4	7,60E-04	
4,975E-4	6,40E-04	
4,98E-4	5,60E-04	
4,985E-4	4,00E-04	
4,99E-4	3,20E-04	
4,995E-4	2,00E-04	
5,E-4	8,00E-05	
5,005E-4	0,00E+00	
5,01E-4	-1,20E-04	
5,015E-4	-2,40E-04	
5,02E-4	-2,80E-04	
5,025E-4	-4,00E-04	
5,03E-4	-4,40E-04	
5,035E-4	-5,20E-04	
5,04E-4	-5,60E-04	
5,045E-4	-6,40E-04	
5,05E-4	-7,20E-04	
5,055E-4	-7,60E-04	
5,06E-4	-9,20E-04	
5,065E-4	-1,00E-03	
5,07E-4	-1,12E-03	
5,075E-4	-1,24E-03	
5,08E-4	-1,32E-03	
5,085E-4	-1,40E-03	
5,09E-4	-1,52E-03	
5,095E-4	-1,60E-03	
5,1E-4	-1,68E-03	
5,105E-4	-1,76E-03	
5,11E-4	-1,92E-03	
5,115E-4	-1,92E-03	
5,12E-4	-1,96E-03	
5,125E-4	-2,04E-03	
5,13E-4	-2,04E-03	
5,135E-4	-2,28E-03	
5,14E-4	-2,16E-03	
5,145E-4	-2,16E-03	
5,15E-4	-2,32E-03	
5,155E-4	-2,40E-03	
5,16E-4	-2,36E-03	
5,165E-4	-2,36E-03	
5,17E-4	-2,40E-03	
5,175E-4	-2,40E-03	
5,18E-4	-2,36E-03	
5,185E-4	-2,32E-03	
5,19E-4	-2,28E-03	
5,195E-4	-2,20E-03	
5,2E-4	-2,16E-03	
5,205E-4	-2,08E-03	
5,21E-4	-2,04E-03	
5,215E-4	-1,96E-03	
5,22E-4	-1,84E-03	
5,225E-4	-1,76E-03	
5,23E-4	-1,64E-03	
5,235E-4	-1,52E-03	
5,24E-4	-1,40E-03	
5,245E-4	-1,36E-03	
5,25E-4	-1,32E-03	
5,255E-4	-1,24E-03	
5,26E-4	-1,20E-03	
5,265E-4	-1,16E-03	
5,27E-4	-1,08E-03	
5,275E-4	-1,04E-03	
5,28E-4	-9,60E-04	
5,285E-4	-8,40E-04	
5,29E-4	-7,20E-04	
5,295E-4	-6,00E-04	
5,3E-4	-5,20E-04	
5,305E-4	-4,40E-04	
5,31E-4	-4,40E-04	
5,315E-4	-4,00E-04	
5,32E-4	-2,80E-04	
5,325E-4	-2,80E-04	
5,33E-4	-2,00E-04	
5,335E-4	-1,20E-04	
5,34E-4	0,00E+00	
5,345E-4	1,20E-04	
5,35E-4	1,60E-04	
5,355E-4	2,80E-04	
5,36E-4	4,00E-04	
5,365E-4	4,40E-04	
5,37E-4	4,80E-04	
5,375E-4	6,00E-04	
5,38E-4	7,20E-04	
5,385E-4	8,40E-04	
5,39E-4	9,60E-04	
5,395E-4	1,08E-03	
5,4E-4	1,24E-03	
5,405E-4	1,36E-03	
5,41E-4	1,44E-03	
5,415E-4	1,60E-03	
5,42E-4	1,64E-03	
5,425E-4	1,72E-03	
5,43E-4	1,84E-03	
5,435E-4	1,92E-03	
5,44E-4	2,04E-03	
5,445E-4	2,08E-03	
5,45E-4	2,12E-03	
5,455E-4	2,16E-03	
5,46E-4	2,20E-03	
5,465E-4	2,24E-03	
5,47E-4	2,24E-03	
5,475E-4	2,24E-03	
5,48E-4	2,32E-03	
5,485E-4	2,28E-03	
5,49E-4	2,28E-03	
5,495E-4	2,32E-03	
5,5E-4	2,36E-03	
5,505E-4	2,36E-03	
5,51E-4	2,32E-03	
5,515E-4	2,36E-03	
5,52E-4	2,44E-03	
5,525E-4	2,56E-03	
5,53E-4	2,48E-03	
5,535E-4	2,64E-03	
5,54E-4	2,84E-03	
5,545E-4	2,84E-03	
5,55E-4	2,84E-03	
5,555E-4	2,88E-03	
5,56E-4	2,92E-03	
5,565E-4	2,92E-03	
5,57E-4	2,96E-03	
5,575E-4	2,96E-03	
5,58E-4	2,96E-03	
5,585E-4	3,00E-03	
5,59E-4	3,00E-03	
5,595E-4	3,04E-03	
5,6E-4	3,04E-03	
5,605E-4	3,08E-03	
5,61E-4	3,08E-03	
5,615E-4	3,12E-03	
5,62E-4	3,12E-03	
5,625E-4	3,12E-03	
5,63E-4	3,16E-03	
5,635E-4	3,20E-03	
5,64E-4	3,20E-03	
5,645E-4	3,24E-03	
5,65E-4	3,24E-03	
5,655E-4	3,28E-03	
5,66E-4	3,24E-03	
5,665E-4	3,28E-03	
5,67E-4	3,24E-03	
5,675E-4	3,24E-03	
5,68E-4	3,20E-03	
5,685E-4	3,24E-03	
5,69E-4	3,24E-03	
5,695E-4	3,24E-03	
5,7E-4	3,28E-03	
5,705E-4	3,28E-03	
5,71E-4	3,28E-03	
5,715E-4	3,24E-03	
5,72E-4	3,24E-03	
5,725E-4	3,24E-03	
5,73E-4	3,20E-03	
5,735E-4	3,24E-03	
5,74E-4	3,20E-03	
5,745E-4	3,16E-03	
5,75E-4	3,08E-03	
5,755E-4	3,08E-03	
5,76E-4	3,00E-03	
5,765E-4	2,92E-03	
5,77E-4	2,80E-03	
5,775E-4	2,76E-03	
5,78E-4	2,72E-03	
5,785E-4	2,64E-03	
5,79E-4	2,56E-03	
5,795E-4	2,56E-03	
5,8E-4	2,44E-03	
5,805E-4	2,36E-03	
5,81E-4	2,24E-03	
5,815E-4	2,16E-03	
5,82E-4	2,12E-03	
5,825E-4	2,04E-03	
5,83E-4	1,96E-03	
5,835E-4	1,96E-03	
5,84E-4	1,92E-03	
5,845E-4	1,84E-03	
5,85E-4	1,84E-03	
5,855E-4	1,72E-03	
5,86E-4	1,64E-03	
5,865E-4	1,60E-03	
5,87E-4	1,48E-03	
5,875E-4	1,44E-03	
5,88E-4	1,40E-03	
5,885E-4	1,28E-03	
5,89E-4	1,20E-03	
5,895E-4	1,16E-03	
5,9E-4	1,04E-03	
5,905E-4	9,20E-04	
5,91E-4	8,00E-04	
5,915E-4	7,20E-04	
5,92E-4	5,60E-04	
5,925E-4	5,20E-04	
5,93E-4	2,40E-04	
5,935E-4	2,00E-04	
5,94E-4	1,60E-04	
5,945E-4	8,00E-05	
5,95E-4	-4,00E-05	
5,955E-4	-8,00E-05	
5,96E-4	-1,60E-04	
5,965E-4	-3,20E-04	
5,97E-4	-4,00E-04	
5,975E-4	-4,40E-04	
5,98E-4	-5,20E-04	
5,985E-4	-6,00E-04	
5,99E-4	-6,40E-04	
5,995E-4	-7,20E-04	
6,E-4	-8,00E-04	
6,005E-4	-8,80E-04	
6,01E-4	-1,00E-03	
6,015E-4	-1,12E-03	
6,02E-4	-1,24E-03	
6,025E-4	-1,28E-03	
6,03E-4	-1,36E-03	
6,035E-4	-1,44E-03	
6,04E-4	-1,48E-03	
6,045E-4	-1,52E-03	
6,05E-4	-1,56E-03	
6,055E-4	-1,60E-03	
6,06E-4	-1,64E-03	
6,065E-4	-1,72E-03	
6,07E-4	-1,72E-03	
6,075E-4	-1,76E-03	
6,08E-4	-1,80E-03	
6,085E-4	-1,80E-03	
6,09E-4	-1,80E-03	
6,095E-4	-1,80E-03	
6,1E-4	-1,80E-03	
6,105E-4	-1,80E-03	
6,11E-4	-1,80E-03	
6,115E-4	-1,88E-03	
6,12E-4	-1,84E-03	
6,125E-4	-1,84E-03	
6,13E-4	-1,88E-03	
6,135E-4	-1,84E-03	
6,14E-4	-1,84E-03	
6,145E-4	-1,88E-03	
6,15E-4	-1,88E-03	
6,155E-4	-1,80E-03	
6,16E-4	-1,84E-03	
6,165E-4	-1,92E-03	
6,17E-4	-1,92E-03	
6,175E-4	-1,88E-03	
6,18E-4	-1,92E-03	
6,185E-4	-1,92E-03	
6,19E-4	-1,92E-03	
6,195E-4	-1,92E-03	
6,2E-4	-1,92E-03	
6,205E-4	-1,92E-03	
6,21E-4	-1,96E-03	
6,215E-4	-1,92E-03	
6,22E-4	-1,92E-03	
6,225E-4	-1,96E-03	
6,23E-4	-1,88E-03	
6,235E-4	-1,88E-03	
6,24E-4	-1,84E-03	
6,245E-4	-1,84E-03	
6,25E-4	-1,76E-03	
6,255E-4	-1,72E-03	
6,26E-4	-1,68E-03	
6,265E-4	-1,56E-03	
6,27E-4	-1,48E-03	
6,275E-4	-1,36E-03	
6,28E-4	-1,24E-03	
6,285E-4	-1,08E-03	
6,29E-4	-1,00E-03	
6,295E-4	-8,40E-04	
6,3E-4	-6,80E-04	
6,305E-4	-6,00E-04	
6,31E-4	-4,40E-04	
6,315E-4	-2,80E-04	
6,32E-4	-1,60E-04	
6,325E-4	-4,00E-05	
6,33E-4	0,00E+00	
6,335E-4	2,00E-04	
6,34E-4	2,80E-04	
6,345E-4	3,20E-04	
6,35E-4	4,00E-04	
6,355E-4	5,60E-04	
6,36E-4	6,40E-04	
6,365E-4	6,40E-04	
6,37E-4	7,20E-04	
6,375E-4	8,00E-04	
6,38E-4	8,80E-04	
6,385E-4	9,20E-04	
6,39E-4	1,00E-03	
6,395E-4	1,00E-03	
6,4E-4	1,00E-03	
6,405E-4	1,00E-03	
6,41E-4	1,04E-03	
6,415E-4	1,08E-03	
6,42E-4	1,12E-03	
6,425E-4	1,20E-03	
6,43E-4	1,36E-03	
6,435E-4	1,40E-03	
6,44E-4	1,48E-03	
6,445E-4	1,60E-03	
6,45E-4	1,64E-03	
6,455E-4	1,72E-03	
6,46E-4	1,80E-03	
6,465E-4	1,88E-03	
6,47E-4	2,00E-03	
6,475E-4	2,04E-03	
6,48E-4	2,16E-03	
6,485E-4	2,28E-03	
6,49E-4	2,36E-03	
6,495E-4	2,40E-03	
6,5E-4	2,52E-03	
6,505E-4	2,60E-03	
6,51E-4	2,64E-03	
6,515E-4	2,72E-03	
6,52E-4	2,76E-03	
6,525E-4	2,80E-03	
6,53E-4	2,80E-03	
6,535E-4	2,84E-03	
6,54E-4	2,84E-03	
6,545E-4	2,84E-03	
6,55E-4	2,88E-03	
6,555E-4	2,88E-03	
6,56E-4	2,92E-03	
6,565E-4	2,92E-03	
6,57E-4	2,96E-03	
6,575E-4	3,00E-03	
6,58E-4	3,04E-03	
6,585E-4	3,12E-03	
6,59E-4	3,16E-03	
6,595E-4	3,20E-03	
6,6E-4	3,24E-03	
6,605E-4	3,32E-03	
6,61E-4	3,36E-03	
6,615E-4	3,44E-03	
6,62E-4	3,48E-03	
6,625E-4	3,56E-03	
6,63E-4	3,60E-03	
6,635E-4	3,60E-03	
6,64E-4	3,64E-03	
6,645E-4	3,64E-03	
6,65E-4	3,68E-03	
6,655E-4	3,68E-03	
6,66E-4	3,68E-03	
6,665E-4	3,68E-03	
6,67E-4	3,68E-03	
6,675E-4	3,68E-03	
6,68E-4	3,68E-03	
6,685E-4	3,68E-03	
6,69E-4	3,68E-03	
6,695E-4	3,68E-03	
6,7E-4	3,64E-03	
6,705E-4	3,60E-03	
6,71E-4	3,56E-03	
6,715E-4	3,52E-03	
6,72E-4	3,44E-03	
6,725E-4	3,16E-03	
6,73E-4	3,16E-03	
6,735E-4	3,20E-03	
6,74E-4	3,08E-03	
6,745E-4	3,04E-03	
6,75E-4	3,00E-03	
6,755E-4	2,92E-03	
6,76E-4	2,88E-03	
6,765E-4	2,76E-03	
6,77E-4	2,68E-03	
6,775E-4	2,64E-03	
6,78E-4	2,52E-03	
6,785E-4	2,48E-03	
6,79E-4	2,44E-03	
6,795E-4	2,40E-03	
6,8E-4	2,28E-03	
6,805E-4	2,20E-03	
6,81E-4	2,08E-03	
6,815E-4	2,00E-03	
6,82E-4	1,88E-03	
6,825E-4	1,76E-03	
6,83E-4	1,64E-03	
6,835E-4	1,60E-03	
6,84E-4	1,52E-03	
6,845E-4	1,48E-03	
6,85E-4	1,48E-03	
6,855E-4	1,44E-03	
6,86E-4	1,40E-03	
6,865E-4	1,32E-03	
6,87E-4	1,24E-03	
6,875E-4	1,20E-03	
6,88E-4	1,12E-03	
6,885E-4	1,04E-03	
6,89E-4	1,00E-03	
6,895E-4	8,80E-04	
6,9E-4	8,40E-04	
6,905E-4	7,20E-04	
6,91E-4	6,00E-04	
6,915E-4	5,20E-04	
6,92E-4	4,40E-04	
6,925E-4	3,20E-04	
6,93E-4	2,40E-04	
6,935E-4	2,40E-04	
6,94E-4	2,00E-04	
6,945E-4	1,20E-04	
6,95E-4	1,20E-04	
6,955E-4	8,00E-05	
6,96E-4	-8,00E-05	
6,965E-4	-1,60E-04	
6,97E-4	-2,00E-04	
6,975E-4	-2,40E-04	
6,98E-4	-3,60E-04	
6,985E-4	-4,00E-04	
6,99E-4	-4,80E-04	
6,995E-4	-5,60E-04	
7,E-4	-7,20E-04	
7,005E-4	-8,00E-04	
7,01E-4	-8,40E-04	
7,015E-4	-9,60E-04	
7,02E-4	-9,60E-04	
7,025E-4	-1,00E-03	
7,03E-4	-1,00E-03	
7,035E-4	-1,04E-03	
7,04E-4	-1,00E-03	
7,045E-4	-1,00E-03	
7,05E-4	-1,04E-03	
7,055E-4	-1,08E-03	
7,06E-4	-1,08E-03	
7,065E-4	-1,16E-03	
7,07E-4	-1,20E-03	
7,075E-4	-1,24E-03	
7,08E-4	-1,28E-03	
7,085E-4	-1,32E-03	
7,09E-4	-1,36E-03	
7,095E-4	-1,36E-03	
7,1E-4	-1,48E-03	
7,105E-4	-1,48E-03	
7,11E-4	-1,44E-03	
7,115E-4	-1,48E-03	
7,12E-4	-1,40E-03	
7,125E-4	-1,52E-03	
7,13E-4	-1,40E-03	
7,135E-4	-1,36E-03	
7,14E-4	-1,40E-03	
7,145E-4	-1,40E-03	
7,15E-4	-1,32E-03	
7,155E-4	-1,32E-03	
7,16E-4	-1,32E-03	
7,165E-4	-1,32E-03	
7,17E-4	-1,28E-03	
7,175E-4	-1,20E-03	
7,18E-4	-1,20E-03	
7,185E-4	-1,12E-03	
7,19E-4	-1,08E-03	
7,195E-4	-1,08E-03	
7,2E-4	-1,08E-03	
7,205E-4	-1,08E-03	
7,21E-4	-1,04E-03	
7,215E-4	-1,08E-03	
7,22E-4	-1,08E-03	
7,225E-4	-1,04E-03	
7,23E-4	-1,04E-03	
7,235E-4	-9,60E-04	
7,24E-4	-9,20E-04	
7,245E-4	-8,40E-04	
7,25E-4	-8,00E-04	
7,255E-4	-7,60E-04	
7,26E-4	-6,80E-04	
7,265E-4	-6,00E-04	
7,27E-4	-4,80E-04	
7,275E-4	-3,60E-04	
7,28E-4	-2,00E-04	
7,285E-4	-4,00E-05	
7,29E-4	8,00E-05	
7,295E-4	2,40E-04	
7,3E-4	3,20E-04	
7,305E-4	4,40E-04	
7,31E-4	4,80E-04	
7,315E-4	6,00E-04	
7,32E-4	6,40E-04	
7,325E-4	7,60E-04	
7,33E-4	8,80E-04	
7,335E-4	1,00E-03	
7,34E-4	1,04E-03	
7,345E-4	1,16E-03	
7,35E-4	1,28E-03	
7,355E-4	1,36E-03	
7,36E-4	1,44E-03	
7,365E-4	1,52E-03	
7,37E-4	1,60E-03	
7,375E-4	1,68E-03	
7,38E-4	1,72E-03	
7,385E-4	1,88E-03	
7,39E-4	1,96E-03	
7,395E-4	2,08E-03	
7,4E-4	2,12E-03	
7,405E-4	2,20E-03	
7,41E-4	2,28E-03	
7,415E-4	2,32E-03	
7,42E-4	2,44E-03	
7,425E-4	2,48E-03	
7,43E-4	2,56E-03	
7,435E-4	2,60E-03	
7,44E-4	2,68E-03	
7,445E-4	2,72E-03	
7,45E-4	2,80E-03	
7,455E-4	2,80E-03	
7,46E-4	2,80E-03	
7,465E-4	2,80E-03	
7,47E-4	2,80E-03	
7,475E-4	2,80E-03	
7,48E-4	2,80E-03	
7,485E-4	2,80E-03	
7,49E-4	2,76E-03	
7,495E-4	2,72E-03	
7,5E-4	2,72E-03	
7,505E-4	2,72E-03	
7,51E-4	2,68E-03	
7,515E-4	2,68E-03	
7,52E-4	2,64E-03	
7,525E-4	2,64E-03	
7,53E-4	2,64E-03	
7,535E-4	2,64E-03	
7,54E-4	2,64E-03	
7,545E-4	2,68E-03	
7,55E-4	2,68E-03	
7,555E-4	2,68E-03	
7,56E-4	2,68E-03	
7,565E-4	2,68E-03	
7,57E-4	2,68E-03	
7,575E-4	2,72E-03	
7,58E-4	2,68E-03	
7,585E-4	2,72E-03	
7,59E-4	2,72E-03	
7,595E-4	2,76E-03	
7,6E-4	2,76E-03	
7,605E-4	2,76E-03	
7,61E-4	2,72E-03	
7,615E-4	2,68E-03	
7,62E-4	2,64E-03	
7,625E-4	2,64E-03	
7,63E-4	2,64E-03	
7,635E-4	2,60E-03	
7,64E-4	2,60E-03	
7,645E-4	2,60E-03	
7,65E-4	2,56E-03	
7,655E-4	2,60E-03	
7,66E-4	2,60E-03	
7,665E-4	2,60E-03	
7,67E-4	2,60E-03	
7,675E-4	2,64E-03	
7,68E-4	2,64E-03	
7,685E-4	2,68E-03	
7,69E-4	2,68E-03	
7,695E-4	2,64E-03	
7,7E-4	2,56E-03	
7,705E-4	2,56E-03	
7,71E-4	2,52E-03	
7,715E-4	2,44E-03	
7,72E-4	2,40E-03	
7,725E-4	2,36E-03	
7,73E-4	2,36E-03	
7,735E-4	2,36E-03	
7,74E-4	2,28E-03	
7,745E-4	2,24E-03	
7,75E-4	2,24E-03	
7,755E-4	2,12E-03	
7,76E-4	2,04E-03	
7,765E-4	2,08E-03	
7,77E-4	2,08E-03	
7,775E-4	1,96E-03	
7,78E-4	2,00E-03	
7,785E-4	1,96E-03	
7,79E-4	1,92E-03	
7,795E-4	1,80E-03	
7,8E-4	1,72E-03	
7,805E-4	1,64E-03	
7,81E-4	1,56E-03	
7,815E-4	1,44E-03	
7,82E-4	1,36E-03	
7,825E-4	1,28E-03	
7,83E-4	1,16E-03	
7,835E-4	1,04E-03	
7,84E-4	9,20E-04	
7,845E-4	8,00E-04	
7,85E-4	6,80E-04	
7,855E-4	5,20E-04	
7,86E-4	4,40E-04	
7,865E-4	3,60E-04	
7,87E-4	2,80E-04	
7,875E-4	2,00E-04	
7,88E-4	1,60E-04	
7,885E-4	8,00E-05	
7,89E-4	8,00E-05	
7,895E-4	-8,00E-05	
7,9E-4	-1,60E-04	
7,905E-4	-2,00E-04	
7,91E-4	-3,20E-04	
7,915E-4	-4,00E-04	
7,92E-4	-6,40E-04	
7,925E-4	-6,40E-04	
7,93E-4	-6,40E-04	
7,935E-4	-8,00E-04	
7,94E-4	-9,20E-04	
7,945E-4	-9,20E-04	
7,95E-4	-9,60E-04	
7,955E-4	-1,08E-03	
7,96E-4	-1,20E-03	
7,965E-4	-1,24E-03	
7,97E-4	-1,28E-03	
7,975E-4	-1,32E-03	
7,98E-4	-1,36E-03	
7,985E-4	-1,40E-03	
7,99E-4	-1,40E-03	
7,995E-4	-1,52E-03	
8,E-4	-1,56E-03	
8,005E-4	-1,64E-03	
8,01E-4	-1,72E-03	
8,015E-4	-1,76E-03	
8,02E-4	-1,80E-03	
8,025E-4	-1,80E-03	
8,03E-4	-1,80E-03	
8,035E-4	-1,84E-03	
8,04E-4	-1,84E-03	
8,045E-4	-1,88E-03	
8,05E-4	-1,92E-03	
8,055E-4	-1,88E-03	
8,06E-4	-1,88E-03	
8,065E-4	-1,84E-03	
8,07E-4	-1,80E-03	
8,075E-4	-1,76E-03	
8,08E-4	-1,68E-03	
8,085E-4	-1,64E-03	
8,09E-4	-1,56E-03	
8,095E-4	-1,56E-03	
8,1E-4	-1,52E-03	
8,105E-4	-1,52E-03	
8,11E-4	-1,48E-03	
8,115E-4	-1,52E-03	
8,12E-4	-1,56E-03	
8,125E-4	-1,56E-03	
8,13E-4	-1,52E-03	
8,135E-4	-1,56E-03	
8,14E-4	-1,56E-03	
8,145E-4	-1,48E-03	
8,15E-4	-1,48E-03	
8,155E-4	-1,52E-03	
8,16E-4	-1,52E-03	
8,165E-4	-1,44E-03	
8,17E-4	-1,36E-03	
8,175E-4	-1,32E-03	
8,18E-4	-1,24E-03	
8,185E-4	-1,16E-03	
8,19E-4	-1,12E-03	
8,195E-4	-1,04E-03	
8,2E-4	-9,60E-04	
8,205E-4	-8,80E-04	
8,21E-4	-7,60E-04	
8,215E-4	-7,20E-04	
8,22E-4	-6,00E-04	
8,225E-4	-5,20E-04	
8,23E-4	-4,00E-04	
8,235E-4	-3,20E-04	
8,24E-4	-2,00E-04	
8,245E-4	-1,60E-04	
8,25E-4	-8,00E-05	
8,255E-4	4,00E-05	
8,26E-4	1,20E-04	
8,265E-4	2,00E-04	
8,27E-4	3,20E-04	
8,275E-4	4,00E-04	
8,28E-4	5,20E-04	
8,285E-4	6,40E-04	
8,29E-4	8,00E-04	
8,295E-4	8,00E-04	
8,3E-4	8,80E-04	
8,305E-4	9,20E-04	
8,31E-4	9,60E-04	
8,315E-4	9,20E-04	
8,32E-4	9,20E-04	
8,325E-4	1,00E-03	
8,33E-4	1,00E-03	
8,335E-4	9,60E-04	
8,34E-4	1,04E-03	
8,345E-4	1,20E-03	
8,35E-4	1,24E-03	
8,355E-4	1,36E-03	
8,36E-4	1,44E-03	
8,365E-4	1,60E-03	
8,37E-4	1,68E-03	
8,375E-4	1,72E-03	
8,38E-4	1,76E-03	
8,385E-4	1,80E-03	
8,39E-4	1,80E-03	
8,395E-4	1,76E-03	
8,4E-4	1,76E-03	
8,405E-4	1,80E-03	
8,41E-4	1,88E-03	
8,415E-4	1,88E-03	
8,42E-4	1,96E-03	
8,425E-4	2,00E-03	
8,43E-4	2,08E-03	
8,435E-4	2,08E-03	
8,44E-4	2,16E-03	
8,445E-4	2,24E-03	
8,45E-4	2,32E-03	
8,455E-4	2,40E-03	
8,46E-4	2,48E-03	
8,465E-4	2,60E-03	
8,47E-4	2,68E-03	
8,475E-4	2,80E-03	
8,48E-4	2,92E-03	
8,485E-4	3,00E-03	
8,49E-4	3,08E-03	
8,495E-4	3,12E-03	
8,5E-4	3,20E-03	
8,505E-4	3,20E-03	
8,51E-4	3,28E-03	
8,515E-4	3,24E-03	
8,52E-4	3,28E-03	
8,525E-4	3,32E-03	
8,53E-4	3,36E-03	
8,535E-4	3,32E-03	
8,54E-4	3,32E-03	
8,545E-4	3,36E-03	
8,55E-4	3,36E-03	
8,555E-4	3,40E-03	
8,56E-4	3,48E-03	
8,565E-4	3,56E-03	
8,57E-4	3,60E-03	
8,575E-4	3,68E-03	
8,58E-4	3,72E-03	
8,585E-4	3,72E-03	
8,59E-4	3,72E-03	
8,595E-4	3,76E-03	
8,6E-4	3,76E-03	
8,605E-4	3,72E-03	
8,61E-4	3,72E-03	
8,615E-4	3,72E-03	
8,62E-4	3,72E-03	
8,625E-4	3,72E-03	
8,63E-4	3,72E-03	
8,635E-4	3,72E-03	
8,64E-4	3,72E-03	
8,645E-4	3,68E-03	
8,65E-4	3,72E-03	
8,655E-4	3,68E-03	
8,66E-4	3,64E-03	
8,665E-4	3,60E-03	
8,67E-4	3,56E-03	
8,675E-4	3,52E-03	
8,68E-4	3,48E-03	
8,685E-4	3,48E-03	
8,69E-4	3,36E-03	
8,695E-4	3,28E-03	
8,7E-4	3,28E-03	
8,705E-4	3,16E-03	
8,71E-4	3,16E-03	
8,715E-4	2,84E-03	
8,72E-4	2,92E-03	
8,725E-4	2,88E-03	
8,73E-4	2,76E-03	
8,735E-4	2,60E-03	
8,74E-4	2,56E-03	
8,745E-4	2,52E-03	
8,75E-4	2,44E-03	
8,755E-4	2,32E-03	
8,76E-4	2,28E-03	
8,765E-4	2,16E-03	
8,77E-4	2,12E-03	
8,775E-4	1,96E-03	
8,78E-4	1,92E-03	
8,785E-4	1,84E-03	
8,79E-4	1,76E-03	
8,795E-4	1,64E-03	
8,8E-4	1,52E-03	
8,805E-4	1,44E-03	
8,81E-4	1,32E-03	
8,815E-4	1,24E-03	
8,82E-4	1,12E-03	
8,825E-4	1,00E-03	
8,83E-4	9,60E-04	
8,835E-4	8,40E-04	
8,84E-4	7,60E-04	
8,845E-4	6,80E-04	
8,85E-4	5,60E-04	
8,855E-4	4,80E-04	
8,86E-4	4,40E-04	
8,865E-4	3,60E-04	
8,87E-4	3,20E-04	
8,875E-4	2,40E-04	
8,88E-4	2,00E-04	
8,885E-4	1,20E-04	
8,89E-4	8,00E-05	
8,895E-4	0,00E+00	
8,9E-4	-4,00E-05	
8,905E-4	-1,60E-04	
8,91E-4	-1,60E-04	
8,915E-4	-2,00E-04	
8,92E-4	-2,40E-04	
8,925E-4	-2,80E-04	
8,93E-4	-3,20E-04	
8,935E-4	-3,60E-04	
8,94E-4	-3,60E-04	
8,945E-4	-4,40E-04	
8,95E-4	-4,80E-04	
8,955E-4	-5,60E-04	
8,96E-4	-6,40E-04	
8,965E-4	-7,20E-04	
8,97E-4	-7,60E-04	
8,975E-4	-8,00E-04	
8,98E-4	-8,40E-04	
8,985E-4	-9,20E-04	
8,99E-4	-9,60E-04	
8,995E-4	-1,04E-03	
9,E-4	-1,12E-03	
9,005E-4	-1,20E-03	
9,01E-4	-1,24E-03	
9,015E-4	-1,28E-03	
9,02E-4	-1,32E-03	
9,025E-4	-1,36E-03	
9,03E-4	-1,44E-03	
9,035E-4	-1,48E-03	
9,04E-4	-1,56E-03	
9,045E-4	-1,56E-03	
9,05E-4	-1,60E-03	
9,055E-4	-1,64E-03	
9,06E-4	-1,60E-03	
9,065E-4	-1,64E-03	
9,07E-4	-1,64E-03	
9,075E-4	-1,68E-03	
9,08E-4	-1,60E-03	
9,085E-4	-1,56E-03	
9,09E-4	-1,68E-03	
9,095E-4	-1,64E-03	
9,1E-4	-1,64E-03	
9,105E-4	-1,64E-03	
9,11E-4	-1,60E-03	
9,115E-4	-1,68E-03	
9,12E-4	-1,60E-03	
9,125E-4	-1,52E-03	
9,13E-4	-1,56E-03	
9,135E-4	-1,56E-03	
9,14E-4	-1,48E-03	
9,145E-4	-1,44E-03	
9,15E-4	-1,44E-03	
9,155E-4	-1,44E-03	
9,16E-4	-1,32E-03	
9,165E-4	-1,24E-03	
9,17E-4	-1,16E-03	
9,175E-4	-1,12E-03	
9,18E-4	-1,08E-03	
9,185E-4	-1,00E-03	
9,19E-4	-9,60E-04	
9,195E-4	-9,20E-04	
9,2E-4	-8,00E-04	
9,205E-4	-7,20E-04	
9,21E-4	-6,80E-04	
9,215E-4	-5,60E-04	
9,22E-4	-5,20E-04	
9,225E-4	-4,40E-04	
9,23E-4	-4,00E-04	
9,235E-4	-3,60E-04	
9,24E-4	-3,20E-04	
9,245E-4	-2,40E-04	
9,25E-4	-2,00E-04	
9,255E-4	-8,00E-05	
9,26E-4	0,00E+00	
9,265E-4	8,00E-05	
9,27E-4	1,60E-04	
9,275E-4	2,40E-04	
9,28E-4	3,20E-04	
9,285E-4	3,60E-04	
9,29E-4	4,00E-04	
9,295E-4	5,20E-04	
9,3E-4	5,60E-04	
9,305E-4	6,40E-04	
9,31E-4	7,60E-04	
9,315E-4	8,80E-04	
9,32E-4	9,60E-04	
9,325E-4	1,08E-03	
9,33E-4	1,16E-03	
9,335E-4	1,28E-03	
9,34E-4	1,36E-03	
9,345E-4	1,48E-03	
9,35E-4	1,56E-03	
9,355E-4	1,68E-03	
9,36E-4	1,84E-03	
9,365E-4	1,92E-03	
9,37E-4	2,08E-03	
9,375E-4	2,16E-03	
9,38E-4	2,24E-03	
9,385E-4	2,28E-03	
9,39E-4	2,28E-03	
9,395E-4	2,32E-03	
9,4E-4	2,32E-03	
9,405E-4	2,36E-03	
9,41E-4	2,40E-03	
9,415E-4	2,40E-03	
9,42E-4	2,44E-03	
9,425E-4	2,48E-03	
9,43E-4	2,44E-03	
9,435E-4	2,48E-03	
9,44E-4	2,52E-03	
9,445E-4	2,56E-03	
9,45E-4	2,60E-03	
9,455E-4	2,64E-03	
9,46E-4	2,64E-03	
9,465E-4	2,64E-03	
9,47E-4	2,64E-03	
9,475E-4	2,68E-03	
9,48E-4	2,72E-03	
9,485E-4	2,76E-03	
9,49E-4	2,76E-03	
9,495E-4	2,88E-03	
9,5E-4	2,96E-03	
9,505E-4	3,04E-03	
9,51E-4	2,92E-03	
9,515E-4	3,04E-03	
9,52E-4	3,16E-03	
9,525E-4	3,08E-03	
9,53E-4	3,08E-03	
9,535E-4	3,08E-03	
9,54E-4	3,16E-03	
9,545E-4	3,16E-03	
9,55E-4	3,20E-03	
9,555E-4	3,24E-03	
9,56E-4	3,28E-03	
9,565E-4	3,28E-03	
9,57E-4	3,28E-03	
9,575E-4	3,28E-03	
9,58E-4	3,28E-03	
9,585E-4	3,28E-03	
9,59E-4	3,28E-03	
9,595E-4	3,32E-03	
9,6E-4	3,32E-03	
9,605E-4	3,40E-03	
9,61E-4	3,40E-03	
9,615E-4	3,44E-03	
9,62E-4	3,48E-03	
9,625E-4	3,48E-03	
9,63E-4	3,44E-03	
9,635E-4	3,44E-03	
9,64E-4	3,48E-03	
9,645E-4	3,48E-03	
9,65E-4	3,52E-03	
9,655E-4	3,52E-03	
9,66E-4	3,52E-03	
9,665E-4	3,52E-03	
9,67E-4	3,44E-03	
9,675E-4	3,40E-03	
9,68E-4	3,32E-03	
9,685E-4	3,20E-03	
9,69E-4	3,12E-03	
9,695E-4	3,04E-03	
9,7E-4	2,92E-03	
9,705E-4	2,84E-03	
9,71E-4	2,72E-03	
9,715E-4	2,60E-03	
9,72E-4	2,52E-03	
9,725E-4	2,40E-03	
9,73E-4	2,28E-03	
9,735E-4	2,24E-03	
9,74E-4	2,12E-03	
9,745E-4	2,04E-03	
9,75E-4	1,96E-03	
9,755E-4	1,92E-03	
9,76E-4	1,84E-03	
9,765E-4	1,72E-03	
9,77E-4	1,68E-03	
9,775E-4	1,60E-03	
9,78E-4	1,48E-03	
9,785E-4	1,36E-03	
9,79E-4	1,28E-03	
9,795E-4	1,20E-03	
9,8E-4	1,08E-03	
9,805E-4	1,00E-03	
9,81E-4	9,20E-04	
9,815E-4	8,00E-04	
9,82E-4	6,80E-04	
9,825E-4	5,60E-04	
9,83E-4	4,80E-04	
9,835E-4	4,00E-04	
9,84E-4	2,80E-04	
9,845E-4	2,00E-04	
9,85E-4	1,20E-04	
9,855E-4	8,00E-05	
9,86E-4	-4,00E-05	
9,865E-4	-1,20E-04	
9,87E-4	-2,00E-04	
9,875E-4	-3,20E-04	
9,88E-4	-3,60E-04	
9,885E-4	-4,80E-04	
9,89E-4	-5,20E-04	
9,895E-4	-6,00E-04	
9,9E-4	-6,80E-04	
9,905E-4	-7,60E-04	
9,91E-4	-1,00E-03	
9,915E-4	-1,00E-03	
9,92E-4	-1,08E-03	
9,925E-4	-1,24E-03	
9,93E-4	-1,40E-03	
9,935E-4	-1,44E-03	
9,94E-4	-1,52E-03	
9,945E-4	-1,68E-03	
9,95E-4	-1,72E-03	
9,955E-4	-1,80E-03	
9,96E-4	-1,84E-03	
9,965E-4	-1,92E-03	
9,97E-4	-1,96E-03	
9,975E-4	-1,96E-03	
9,98E-4	-2,04E-03	
9,985E-4	-2,12E-03	
9,99E-4	-2,08E-03	
9,995E-4	-2,08E-03	
1,E-3	-2,04E-03	
1,0005E-3	-2,08E-03	
1,001E-3	-2,00E-03	
1,0015E-3	-2,04E-03	
1,002E-3	-2,00E-03	
1,0025E-3	-2,04E-03	
1,003E-3	-2,04E-03	
1,0035E-3	-2,00E-03	
1,004E-3	-1,96E-03	
1,0045E-3	-1,96E-03	
1,005E-3	-1,92E-03	
1,0055E-3	-1,88E-03	
1,006E-3	-1,88E-03	
1,0065E-3	-1,92E-03	
1,007E-3	-1,92E-03	
1,0075E-3	-1,92E-03	
1,008E-3	-1,84E-03	
1,0085E-3	-1,84E-03	
1,009E-3	-1,80E-03	
1,0095E-3	-1,68E-03	
1,01E-3	-1,68E-03	
1,0105E-3	-1,64E-03	
1,011E-3	-1,56E-03	
1,0115E-3	-1,52E-03	
1,012E-3	-1,44E-03	
1,0125E-3	-1,48E-03	
1,013E-3	-1,44E-03	
1,0135E-3	-1,36E-03	
1,014E-3	-1,36E-03	
1,0145E-3	-1,32E-03	
1,015E-3	-1,28E-03	
1,0155E-3	-1,20E-03	
1,016E-3	-1,16E-03	
1,0165E-3	-1,04E-03	
1,017E-3	-9,60E-04	
1,0175E-3	-8,40E-04	
1,018E-3	-7,20E-04	
1,0185E-3	-6,00E-04	
1,019E-3	-4,80E-04	
1,0195E-3	-3,60E-04	
1,02E-3	-2,80E-04	
1,0205E-3	-2,00E-04	
1,021E-3	-8,00E-05	
1,0215E-3	0,00E+00	
1,022E-3	4,00E-05	
1,0225E-3	8,00E-05	
