Time in s	CH I in Volt	CH II in Volt	
0.E+0	8.00E-02	-1.20E-03	
1.E-5	4.00E-02	-1.20E-03	
2.E-5	8.00E-02	-1.20E-03	
3.E-5	8.00E-02	-1.20E-03	
4.E-5	4.00E-02	-1.20E-03	
5.E-5	8.00E-02	-1.20E-03	
6.E-5	8.00E-02	-1.20E-03	
7.E-5	8.00E-02	-1.20E-03	
8.E-5	8.00E-02	-1.20E-03	
9.E-5	8.00E-02	-1.20E-03	
1.E-4	8.00E-02	-1.00E-03	
1.1E-4	8.00E-02	-1.20E-03	
1.2E-4	8.00E-02	-1.20E-03	
1.3E-4	8.00E-02	-1.20E-03	
1.4E-4	8.00E-02	-1.20E-03	
1.5E-4	8.00E-02	-1.20E-03	
1.6E-4	8.00E-02	-1.20E-03	
1.7E-4	8.00E-02	-1.20E-03	
1.8E-4	8.00E-02	-1.20E-03	
1.9E-4	8.00E-02	-1.20E-03	
2.E-4	4.00E-02	-1.20E-03	
2.1E-4	8.00E-02	-1.20E-03	
2.2E-4	8.00E-02	-1.20E-03	
2.3E-4	8.00E-02	-1.20E-03	
2.4E-4	8.00E-02	-1.20E-03	
2.5E-4	4.00E-02	-1.20E-03	
2.6E-4	4.00E-02	-1.20E-03	
2.7E-4	8.00E-02	-1.20E-03	
2.8E-4	8.00E-02	-1.20E-03	
2.9E-4	8.00E-02	-1.20E-03	
3.E-4	8.00E-02	-1.20E-03	
3.1E-4	8.00E-02	-1.20E-03	
3.2E-4	8.00E-02	-1.20E-03	
3.3E-4	8.00E-02	-1.20E-03	
3.4E-4	4.00E-02	-1.20E-03	
3.5E-4	8.00E-02	-1.20E-03	
3.6E-4	8.00E-02	-1.20E-03	
3.7E-4	8.00E-02	-1.20E-03	
3.8E-4	8.00E-02	-1.20E-03	
3.9E-4	8.00E-02	-1.20E-03	
4.E-4	8.00E-02	-1.20E-03	
4.1E-4	8.00E-02	-1.20E-03	
4.2E-4	8.00E-02	-1.20E-03	
4.3E-4	8.00E-02	-1.20E-03	
4.4E-4	8.00E-02	-1.20E-03	
4.5E-4	8.00E-02	-1.20E-03	
4.6E-4	8.00E-02	-1.20E-03	
4.7E-4	8.00E-02	-1.20E-03	
4.8E-4	8.00E-02	-1.20E-03	
4.9E-4	8.00E-02	-1.20E-03	
5.E-4	8.00E-02	-1.20E-03	
5.1E-4	4.00E-02	-1.20E-03	
5.2E-4	4.00E-02	-1.20E-03	
5.3E-4	8.00E-02	-1.00E-03	
5.4E-4	4.00E-02	-1.20E-03	
5.5E-4	8.00E-02	-1.20E-03	
5.6E-4	8.00E-02	-1.20E-03	
5.7E-4	8.00E-02	-1.20E-03	
5.8E-4	8.00E-02	-1.20E-03	
5.9E-4	8.00E-02	-1.20E-03	
6.E-4	8.00E-02	-1.20E-03	
6.1E-4	8.00E-02	-1.20E-03	
6.2E-4	8.00E-02	-1.20E-03	
6.3E-4	8.00E-02	-1.20E-03	
6.4E-4	8.00E-02	-1.20E-03	
6.5E-4	8.00E-02	-1.20E-03	
6.6E-4	8.00E-02	-1.20E-03	
6.7E-4	4.00E-02	-1.20E-03	
6.8E-4	8.00E-02	-1.20E-03	
6.9E-4	8.00E-02	-1.00E-03	
7.E-4	8.00E-02	-1.20E-03	
7.1E-4	4.00E-02	-1.20E-03	
7.2E-4	8.00E-02	-1.20E-03	
7.3E-4	8.00E-02	-1.20E-03	
7.4E-4	8.00E-02	-1.20E-03	
7.5E-4	8.00E-02	-1.20E-03	
7.6E-4	8.00E-02	-1.20E-03	
7.7E-4	4.00E-02	-1.20E-03	
7.8E-4	4.00E-02	-1.20E-03	
7.9E-4	8.00E-02	-1.20E-03	
8.E-4	8.00E-02	-1.20E-03	
8.1E-4	8.00E-02	-1.20E-03	
8.2E-4	8.00E-02	-1.20E-03	
8.3E-4	4.00E-02	-1.20E-03	
8.4E-4	4.00E-02	-1.20E-03	
8.5E-4	8.00E-02	-1.20E-03	
8.6E-4	8.00E-02	-1.20E-03	
8.7E-4	8.00E-02	-1.20E-03	
8.8E-4	8.00E-02	-1.20E-03	
8.9E-4	8.00E-02	-1.20E-03	
9.E-4	8.00E-02	-1.20E-03	
9.1E-4	8.00E-02	-1.20E-03	
9.2E-4	4.00E-02	-1.20E-03	
9.3E-4	8.00E-02	-1.20E-03	
9.4E-4	8.00E-02	-1.20E-03	
9.5E-4	8.00E-02	-1.20E-03	
9.6E-4	8.00E-02	-1.00E-03	
9.7E-4	8.00E-02	-1.20E-03	
9.8E-4	8.00E-02	-1.20E-03	
9.9E-4	8.00E-02	-1.20E-03	
1.E-3	8.00E-02	-1.20E-03	
1.01E-3	8.00E-02	-1.00E-03	
1.02E-3	4.00E-02	-1.20E-03	
1.03E-3	4.00E-02	-1.20E-03	
1.04E-3	4.00E-02	-1.20E-03	
1.05E-3	8.00E-02	-1.20E-03	
1.06E-3	8.00E-02	-1.00E-03	
1.07E-3	4.00E-02	-1.20E-03	
1.08E-3	8.00E-02	-1.20E-03	
1.09E-3	8.00E-02	-1.20E-03	
1.1E-3	8.00E-02	-1.00E-03	
1.11E-3	8.00E-02	-1.20E-03	
1.12E-3	8.00E-02	-1.20E-03	
1.13E-3	8.00E-02	-1.20E-03	
1.14E-3	8.00E-02	-1.20E-03	
1.15E-3	8.00E-02	-1.20E-03	
1.16E-3	8.00E-02	-1.20E-03	
1.17E-3	8.00E-02	-1.20E-03	
1.18E-3	8.00E-02	-1.20E-03	
1.19E-3	8.00E-02	-1.20E-03	
1.2E-3	8.00E-02	-1.20E-03	
1.21E-3	8.00E-02	-1.20E-03	
1.22E-3	8.00E-02	-1.20E-03	
1.23E-3	4.00E-02	-1.20E-03	
1.24E-3	8.00E-02	-1.20E-03	
1.25E-3	8.00E-02	-1.20E-03	
1.26E-3	8.00E-02	-1.20E-03	
1.27E-3	8.00E-02	-1.20E-03	
1.28E-3	8.00E-02	-1.20E-03	
1.29E-3	8.00E-02	-1.20E-03	
1.3E-3	8.00E-02	-1.20E-03	
1.31E-3	8.00E-02	-1.20E-03	
1.32E-3	4.00E-02	-1.20E-03	
1.33E-3	8.00E-02	-1.00E-03	
1.34E-3	8.00E-02	-1.20E-03	
1.35E-3	8.00E-02	-1.20E-03	
1.36E-3	8.00E-02	-1.20E-03	
1.37E-3	8.00E-02	-1.20E-03	
1.38E-3	4.00E-02	-1.20E-03	
1.39E-3	8.00E-02	-1.20E-03	
1.4E-3	8.00E-02	-1.20E-03	
1.41E-3	8.00E-02	-1.20E-03	
1.42E-3	8.00E-02	-1.20E-03	
1.43E-3	8.00E-02	-1.20E-03	
1.44E-3	8.00E-02	-1.20E-03	
1.45E-3	8.00E-02	-1.20E-03	
1.46E-3	8.00E-02	-1.20E-03	
1.47E-3	8.00E-02	-1.20E-03	
1.48E-3	4.00E-02	-1.20E-03	
1.49E-3	8.00E-02	-1.20E-03	
1.5E-3	8.00E-02	-1.20E-03	
1.51E-3	8.00E-02	-1.20E-03	
1.52E-3	8.00E-02	-1.20E-03	
1.53E-3	4.00E-02	-1.20E-03	
1.54E-3	8.00E-02	-1.20E-03	
1.55E-3	4.00E-02	-1.00E-03	
1.56E-3	8.00E-02	-1.20E-03	
1.57E-3	8.00E-02	-1.20E-03	
1.58E-3	8.00E-02	-1.20E-03	
1.59E-3	8.00E-02	-1.20E-03	
1.6E-3	8.00E-02	-1.20E-03	
1.61E-3	8.00E-02	-1.20E-03	
1.62E-3	8.00E-02	-1.20E-03	
1.63E-3	8.00E-02	-1.20E-03	
1.64E-3	8.00E-02	-1.20E-03	
1.65E-3	8.00E-02	-1.20E-03	
1.66E-3	4.00E-02	-1.20E-03	
1.67E-3	8.00E-02	-1.20E-03	
1.68E-3	8.00E-02	-1.20E-03	
1.69E-3	8.00E-02	-1.20E-03	
1.7E-3	8.00E-02	-1.20E-03	
1.71E-3	8.00E-02	-1.20E-03	
1.72E-3	8.00E-02	-1.20E-03	
1.73E-3	8.00E-02	-1.20E-03	
1.74E-3	4.00E-02	-1.20E-03	
1.75E-3	8.00E-02	-1.20E-03	
1.76E-3	4.00E-02	-1.20E-03	
1.77E-3	8.00E-02	-1.20E-03	
1.78E-3	8.00E-02	-1.20E-03	
1.79E-3	8.00E-02	-1.20E-03	
1.8E-3	4.00E-02	-1.20E-03	
1.81E-3	8.00E-02	-1.20E-03	
1.82E-3	8.00E-02	-1.20E-03	
1.83E-3	8.00E-02	-1.20E-03	
1.84E-3	8.00E-02	-1.20E-03	
1.85E-3	8.00E-02	-1.20E-03	
1.86E-3	8.00E-02	-1.20E-03	
1.87E-3	8.00E-02	-1.20E-03	
1.88E-3	8.00E-02	-1.20E-03	
1.89E-3	8.00E-02	-1.20E-03	
1.9E-3	8.00E-02	-1.20E-03	
1.91E-3	8.00E-02	-1.20E-03	
1.92E-3	8.00E-02	-1.20E-03	
1.93E-3	8.00E-02	-1.20E-03	
1.94E-3	8.00E-02	-1.20E-03	
1.95E-3	8.00E-02	-1.20E-03	
1.96E-3	8.00E-02	-1.20E-03	
1.97E-3	8.00E-02	-1.20E-03	
1.98E-3	8.00E-02	-1.20E-03	
1.99E-3	8.00E-02	-1.20E-03	
2.E-3	8.00E-02	-1.20E-03	
2.01E-3	8.00E-02	-1.20E-03	
2.02E-3	8.00E-02	-1.20E-03	
2.03E-3	8.00E-02	-1.20E-03	
2.04E-3	8.00E-02	-1.20E-03	
2.05E-3	8.00E-02	-1.20E-03	
2.06E-3	8.00E-02	-1.20E-03	
2.07E-3	8.00E-02	-1.20E-03	
2.08E-3	8.00E-02	-1.00E-03	
2.09E-3	8.00E-02	-1.20E-03	
2.1E-3	8.00E-02	-1.20E-03	
2.11E-3	8.00E-02	-1.20E-03	
2.12E-3	8.00E-02	-1.20E-03	
2.13E-3	8.00E-02	-1.20E-03	
2.14E-3	8.00E-02	-1.00E-03	
2.15E-3	4.00E-02	-1.20E-03	
2.16E-3	8.00E-02	-1.20E-03	
2.17E-3	8.00E-02	-1.20E-03	
2.18E-3	8.00E-02	-1.20E-03	
2.19E-3	8.00E-02	-1.20E-03	
2.2E-3	4.00E-02	-1.20E-03	
2.21E-3	8.00E-02	-1.20E-03	
2.22E-3	8.00E-02	-1.20E-03	
2.23E-3	8.00E-02	-1.20E-03	
2.24E-3	8.00E-02	-1.20E-03	
2.25E-3	8.00E-02	-1.20E-03	
2.26E-3	8.00E-02	-1.20E-03	
2.27E-3	8.00E-02	-1.00E-03	
2.28E-3	8.00E-02	-1.20E-03	
2.29E-3	4.00E-02	-1.20E-03	
2.3E-3	8.00E-02	-1.20E-03	
2.31E-3	4.00E-02	-1.20E-03	
2.32E-3	8.00E-02	-1.20E-03	
2.33E-3	8.00E-02	-1.20E-03	
2.34E-3	8.00E-02	-1.20E-03	
2.35E-3	8.00E-02	-1.20E-03	
2.36E-3	8.00E-02	-1.00E-03	
2.37E-3	8.00E-02	-1.20E-03	
2.38E-3	8.00E-02	-1.20E-03	
2.39E-3	8.00E-02	-1.20E-03	
2.4E-3	8.00E-02	-1.20E-03	
2.41E-3	8.00E-02	-1.20E-03	
2.42E-3	8.00E-02	-1.20E-03	
2.43E-3	8.00E-02	-1.20E-03	
2.44E-3	8.00E-02	-1.20E-03	
2.45E-3	8.00E-02	-1.20E-03	
2.46E-3	8.00E-02	-1.20E-03	
2.47E-3	8.00E-02	-1.20E-03	
2.48E-3	8.00E-02	-1.20E-03	
2.49E-3	8.00E-02	-1.20E-03	
2.5E-3	4.00E-02	-1.20E-03	
2.51E-3	4.00E-02	-1.20E-03	
2.52E-3	8.00E-02	-1.20E-03	
2.53E-3	8.00E-02	-1.20E-03	
2.54E-3	8.00E-02	-1.20E-03	
2.55E-3	8.00E-02	-1.20E-03	
2.56E-3	8.00E-02	-1.20E-03	
2.57E-3	8.00E-02	-1.20E-03	
2.58E-3	8.00E-02	-1.20E-03	
2.59E-3	8.00E-02	-1.20E-03	
2.6E-3	8.00E-02	-1.20E-03	
2.61E-3	8.00E-02	-1.20E-03	
2.62E-3	8.00E-02	-1.20E-03	
2.63E-3	8.00E-02	-1.20E-03	
2.64E-3	4.00E-02	-1.20E-03	
2.65E-3	8.00E-02	-1.20E-03	
2.66E-3	8.00E-02	-1.20E-03	
2.67E-3	8.00E-02	-1.20E-03	
2.68E-3	8.00E-02	-1.20E-03	
2.69E-3	8.00E-02	-1.20E-03	
2.7E-3	8.00E-02	-1.00E-03	
2.71E-3	8.00E-02	-1.00E-03	
2.72E-3	8.00E-02	-1.00E-03	
2.73E-3	1.20E-01	-8.00E-04	
2.74E-3	1.20E-01	-1.00E-03	
2.75E-3	1.20E-01	-8.00E-04	
2.76E-3	1.20E-01	-8.00E-04	
2.77E-3	1.20E-01	-8.00E-04	
2.78E-3	1.20E-01	-6.00E-04	
2.79E-3	1.20E-01	-6.00E-04	
2.8E-3	1.20E-01	-4.00E-04	
2.81E-3	1.20E-01	-4.00E-04	
2.82E-3	1.60E-01	-4.00E-04	
2.83E-3	1.60E-01	-4.00E-04	
2.84E-3	1.60E-01	-2.00E-04	
2.85E-3	1.60E-01	-2.00E-04	
2.86E-3	1.60E-01	0.00E+00	
2.87E-3	1.60E-01	0.00E+00	
2.88E-3	1.60E-01	2.00E-04	
2.89E-3	1.60E-01	0.00E+00	
2.9E-3	1.60E-01	2.00E-04	
2.91E-3	1.60E-01	2.00E-04	
2.92E-3	2.00E-01	4.00E-04	
2.93E-3	2.00E-01	4.00E-04	
2.94E-3	2.00E-01	4.00E-04	
2.95E-3	2.00E-01	4.00E-04	
2.96E-3	2.00E-01	6.00E-04	
2.97E-3	2.00E-01	6.00E-04	
2.98E-3	2.00E-01	8.00E-04	
2.99E-3	2.00E-01	6.00E-04	
3.E-3	2.00E-01	8.00E-04	
3.01E-3	2.40E-01	8.00E-04	
3.02E-3	2.40E-01	1.00E-03	
3.03E-3	2.40E-01	1.00E-03	
3.04E-3	2.40E-01	1.20E-03	
3.05E-3	2.40E-01	1.20E-03	
3.06E-3	2.40E-01	1.20E-03	
3.07E-3	2.40E-01	1.20E-03	
3.08E-3	2.40E-01	1.40E-03	
3.09E-3	2.40E-01	1.40E-03	
3.1E-3	2.40E-01	1.40E-03	
3.11E-3	2.40E-01	1.60E-03	
3.12E-3	2.40E-01	1.60E-03	
3.13E-3	2.80E-01	1.60E-03	
3.14E-3	2.40E-01	1.60E-03	
3.15E-3	2.80E-01	1.80E-03	
3.16E-3	2.80E-01	1.80E-03	
3.17E-3	2.80E-01	1.80E-03	
3.18E-3	2.80E-01	2.00E-03	
3.19E-3	2.80E-01	2.00E-03	
3.2E-3	2.80E-01	2.00E-03	
3.21E-3	2.80E-01	2.20E-03	
3.22E-3	2.80E-01	2.20E-03	
3.23E-3	2.80E-01	2.40E-03	
3.24E-3	2.80E-01	2.40E-03	
3.25E-3	3.20E-01	2.40E-03	
3.26E-3	3.20E-01	2.60E-03	
3.27E-3	3.20E-01	2.60E-03	
3.28E-3	3.20E-01	2.80E-03	
3.29E-3	3.20E-01	2.80E-03	
3.3E-3	3.20E-01	2.80E-03	
3.31E-3	3.20E-01	3.00E-03	
3.32E-3	3.20E-01	3.00E-03	
3.33E-3	3.60E-01	3.00E-03	
3.34E-3	3.60E-01	3.20E-03	
3.35E-3	3.60E-01	3.20E-03	
3.36E-3	3.60E-01	3.40E-03	
3.37E-3	3.20E-01	3.40E-03	
3.38E-3	3.60E-01	3.40E-03	
3.39E-3	3.60E-01	3.60E-03	
3.4E-3	3.60E-01	3.60E-03	
3.41E-3	3.60E-01	3.80E-03	
3.42E-3	3.60E-01	3.80E-03	
3.43E-3	3.60E-01	3.80E-03	
3.44E-3	3.60E-01	3.80E-03	
3.45E-3	4.00E-01	4.00E-03	
3.46E-3	3.60E-01	4.00E-03	
3.47E-3	4.00E-01	4.00E-03	
3.48E-3	4.00E-01	4.20E-03	
3.49E-3	4.00E-01	4.20E-03	
3.5E-3	4.00E-01	4.20E-03	
3.51E-3	4.00E-01	4.40E-03	
3.52E-3	4.00E-01	4.40E-03	
3.53E-3	4.00E-01	4.40E-03	
3.54E-3	4.00E-01	4.60E-03	
3.55E-3	4.00E-01	4.60E-03	
3.56E-3	4.00E-01	4.60E-03	
3.57E-3	4.00E-01	4.80E-03	
3.58E-3	4.40E-01	4.80E-03	
3.59E-3	4.40E-01	4.80E-03	
3.6E-3	4.40E-01	5.00E-03	
3.61E-3	4.40E-01	5.00E-03	
3.62E-3	4.40E-01	5.00E-03	
3.63E-3	4.40E-01	5.20E-03	
3.64E-3	4.40E-01	5.20E-03	
3.65E-3	4.40E-01	5.20E-03	
3.66E-3	4.40E-01	5.40E-03	
3.67E-3	4.80E-01	5.40E-03	
3.68E-3	4.80E-01	5.60E-03	
3.69E-3	4.40E-01	5.60E-03	
3.7E-3	4.40E-01	5.60E-03	
3.71E-3	4.80E-01	5.80E-03	
3.72E-3	4.40E-01	5.80E-03	
3.73E-3	4.80E-01	5.80E-03	
3.74E-3	4.80E-01	5.80E-03	
3.75E-3	4.80E-01	5.80E-03	
3.76E-3	4.80E-01	6.00E-03	
3.77E-3	4.80E-01	6.00E-03	
3.78E-3	4.80E-01	6.00E-03	
3.79E-3	4.80E-01	6.20E-03	
3.8E-3	4.80E-01	6.20E-03	
3.81E-3	4.80E-01	6.40E-03	
3.82E-3	5.20E-01	6.20E-03	
3.83E-3	5.20E-01	6.40E-03	
3.84E-3	5.20E-01	6.60E-03	
3.85E-3	5.20E-01	6.40E-03	
3.86E-3	5.20E-01	6.60E-03	
3.87E-3	5.20E-01	6.80E-03	
3.88E-3	5.20E-01	6.80E-03	
3.89E-3	5.20E-01	6.80E-03	
3.9E-3	5.20E-01	6.80E-03	
3.91E-3	5.20E-01	7.00E-03	
3.92E-3	5.20E-01	7.00E-03	
3.93E-3	5.20E-01	7.00E-03	
3.94E-3	5.60E-01	7.00E-03	
3.95E-3	5.60E-01	7.20E-03	
3.96E-3	5.60E-01	7.20E-03	
3.97E-3	5.60E-01	7.40E-03	
3.98E-3	5.60E-01	7.20E-03	
3.99E-3	5.60E-01	7.40E-03	
4.E-3	5.60E-01	7.40E-03	
4.01E-3	5.60E-01	7.60E-03	
4.02E-3	5.60E-01	7.60E-03	
4.03E-3	5.60E-01	7.60E-03	
4.04E-3	6.00E-01	7.60E-03	
4.05E-3	6.00E-01	7.60E-03	
4.06E-3	6.00E-01	7.80E-03	
4.07E-3	6.00E-01	7.80E-03	
4.08E-3	6.00E-01	8.00E-03	
4.09E-3	6.00E-01	8.00E-03	
4.1E-3	6.00E-01	8.00E-03	
4.11E-3	6.00E-01	8.20E-03	
4.12E-3	6.00E-01	8.20E-03	
4.13E-3	6.00E-01	8.20E-03	
4.14E-3	6.00E-01	8.40E-03	
4.15E-3	6.40E-01	8.40E-03	
4.16E-3	6.40E-01	8.40E-03	
4.17E-3	6.00E-01	8.40E-03	
4.18E-3	6.40E-01	8.60E-03	
4.19E-3	6.40E-01	8.60E-03	
4.2E-3	6.40E-01	8.60E-03	
4.21E-3	6.40E-01	8.60E-03	
4.22E-3	6.40E-01	8.80E-03	
4.23E-3	6.40E-01	8.80E-03	
4.24E-3	6.40E-01	9.00E-03	
4.25E-3	6.40E-01	8.80E-03	
4.26E-3	6.80E-01	9.00E-03	
4.27E-3	6.80E-01	9.00E-03	
4.28E-3	6.40E-01	9.00E-03	
4.29E-3	6.80E-01	9.20E-03	
4.3E-3	6.80E-01	9.20E-03	
4.31E-3	6.80E-01	9.40E-03	
4.32E-3	6.80E-01	9.40E-03	
4.33E-3	6.80E-01	9.40E-03	
4.34E-3	6.80E-01	9.40E-03	
4.35E-3	6.80E-01	9.60E-03	
4.36E-3	6.80E-01	9.60E-03	
4.37E-3	6.80E-01	9.60E-03	
4.38E-3	6.80E-01	9.60E-03	
4.39E-3	7.20E-01	9.80E-03	
4.4E-3	7.20E-01	9.80E-03	
4.41E-3	7.20E-01	9.80E-03	
4.42E-3	7.20E-01	9.80E-03	
4.43E-3	7.20E-01	1.00E-02	
4.44E-3	7.20E-01	1.00E-02	
4.45E-3	7.20E-01	1.00E-02	
4.46E-3	7.20E-01	1.02E-02	
4.47E-3	7.20E-01	1.02E-02	
4.48E-3	7.20E-01	1.02E-02	
4.49E-3	7.60E-01	1.04E-02	
4.5E-3	7.20E-01	1.04E-02	
4.51E-3	7.60E-01	1.04E-02	
4.52E-3	7.60E-01	1.04E-02	
4.53E-3	7.60E-01	1.04E-02	
4.54E-3	7.60E-01	1.06E-02	
4.55E-3	7.60E-01	1.06E-02	
4.56E-3	7.60E-01	1.06E-02	
4.57E-3	7.60E-01	1.08E-02	
4.58E-3	7.60E-01	1.08E-02	
4.59E-3	7.60E-01	1.08E-02	
4.6E-3	7.60E-01	1.10E-02	
4.61E-3	8.00E-01	1.10E-02	
4.62E-3	7.60E-01	1.10E-02	
4.63E-3	7.60E-01	1.10E-02	
4.64E-3	8.00E-01	1.10E-02	
4.65E-3	8.00E-01	1.10E-02	
4.66E-3	8.00E-01	1.12E-02	
4.67E-3	8.00E-01	1.12E-02	
4.68E-3	8.00E-01	1.14E-02	
4.69E-3	8.00E-01	1.12E-02	
4.7E-3	8.00E-01	1.14E-02	
4.71E-3	8.00E-01	1.14E-02	
4.72E-3	8.00E-01	1.16E-02	
4.73E-3	8.00E-01	1.16E-02	
4.74E-3	8.00E-01	1.16E-02	
4.75E-3	8.00E-01	1.16E-02	
4.76E-3	8.40E-01	1.16E-02	
4.77E-3	8.40E-01	1.16E-02	
4.78E-3	8.40E-01	1.18E-02	
4.79E-3	8.40E-01	1.18E-02	
4.8E-3	8.40E-01	1.18E-02	
4.81E-3	8.40E-01	1.18E-02	
4.82E-3	8.40E-01	1.20E-02	
4.83E-3	8.40E-01	1.20E-02	
4.84E-3	8.40E-01	1.20E-02	
4.85E-3	8.40E-01	1.22E-02	
4.86E-3	8.80E-01	1.20E-02	
4.87E-3	8.40E-01	1.22E-02	
4.88E-3	8.80E-01	1.22E-02	
4.89E-3	8.80E-01	1.24E-02	
4.9E-3	8.80E-01	1.24E-02	
4.91E-3	8.80E-01	1.24E-02	
4.92E-3	8.80E-01	1.24E-02	
4.93E-3	8.80E-01	1.26E-02	
4.94E-3	8.80E-01	1.24E-02	
4.95E-3	8.80E-01	1.26E-02	
4.96E-3	8.80E-01	1.26E-02	
4.97E-3	8.80E-01	1.26E-02	
4.98E-3	9.20E-01	1.28E-02	
4.99E-3	9.20E-01	1.28E-02	
5.E-3	9.20E-01	1.28E-02	
5.01E-3	9.20E-01	1.28E-02	
5.02E-3	9.20E-01	1.28E-02	
5.03E-3	9.20E-01	1.28E-02	
5.04E-3	9.20E-01	1.28E-02	
5.05E-3	9.20E-01	1.30E-02	
5.06E-3	9.20E-01	1.30E-02	
5.07E-3	9.20E-01	1.30E-02	
5.08E-3	9.20E-01	1.32E-02	
5.09E-3	9.60E-01	1.32E-02	
5.1E-3	9.60E-01	1.32E-02	
5.11E-3	9.60E-01	1.32E-02	
5.12E-3	9.60E-01	1.32E-02	
5.13E-3	9.60E-01	1.34E-02	
5.14E-3	9.60E-01	1.34E-02	
5.15E-3	9.60E-01	1.34E-02	
5.16E-3	9.60E-01	1.34E-02	
5.17E-3	9.60E-01	1.34E-02	
5.18E-3	9.60E-01	1.36E-02	
5.19E-3	9.60E-01	1.36E-02	
5.2E-3	9.60E-01	1.36E-02	
5.21E-3	1.00E+00	1.36E-02	
5.22E-3	1.00E+00	1.36E-02	
5.23E-3	1.00E+00	1.36E-02	
5.24E-3	1.00E+00	1.38E-02	
5.25E-3	1.00E+00	1.38E-02	
5.26E-3	1.00E+00	1.38E-02	
5.27E-3	1.00E+00	1.40E-02	
5.28E-3	1.00E+00	1.40E-02	
5.29E-3	1.04E+00	1.40E-02	
5.3E-3	1.00E+00	1.40E-02	
5.31E-3	1.00E+00	1.40E-02	
5.32E-3	1.00E+00	1.42E-02	
5.33E-3	1.00E+00	1.40E-02	
5.34E-3	1.04E+00	1.40E-02	
5.35E-3	1.04E+00	1.42E-02	
5.36E-3	1.04E+00	1.42E-02	
5.37E-3	1.04E+00	1.42E-02	
5.38E-3	1.04E+00	1.44E-02	
5.39E-3	1.04E+00	1.42E-02	
5.4E-3	1.04E+00	1.44E-02	
5.41E-3	1.04E+00	1.44E-02	
5.42E-3	1.04E+00	1.44E-02	
5.43E-3	1.04E+00	1.44E-02	
5.44E-3	1.08E+00	1.44E-02	
5.45E-3	1.08E+00	1.46E-02	
5.46E-3	1.04E+00	1.46E-02	
5.47E-3	1.08E+00	1.44E-02	
5.48E-3	1.08E+00	1.46E-02	
5.49E-3	1.08E+00	1.46E-02	
5.5E-3	1.08E+00	1.48E-02	
5.51E-3	1.08E+00	1.48E-02	
5.52E-3	1.08E+00	1.48E-02	
5.53E-3	1.08E+00	1.48E-02	
5.54E-3	1.08E+00	1.48E-02	
5.55E-3	1.08E+00	1.50E-02	
5.56E-3	1.08E+00	1.50E-02	
5.57E-3	1.12E+00	1.50E-02	
5.58E-3	1.12E+00	1.50E-02	
5.59E-3	1.08E+00	1.50E-02	
5.6E-3	1.12E+00	1.50E-02	
5.61E-3	1.12E+00	1.50E-02	
5.62E-3	1.12E+00	1.50E-02	
5.63E-3	1.12E+00	1.50E-02	
5.64E-3	1.12E+00	1.50E-02	
5.65E-3	1.12E+00	1.52E-02	
5.66E-3	1.12E+00	1.52E-02	
5.67E-3	1.16E+00	1.52E-02	
5.68E-3	1.12E+00	1.52E-02	
5.69E-3	1.16E+00	1.52E-02	
5.7E-3	1.16E+00	1.54E-02	
5.71E-3	1.16E+00	1.54E-02	
5.72E-3	1.16E+00	1.54E-02	
5.73E-3	1.16E+00	1.54E-02	
5.74E-3	1.16E+00	1.54E-02	
5.75E-3	1.16E+00	1.54E-02	
5.76E-3	1.16E+00	1.54E-02	
5.77E-3	1.16E+00	1.54E-02	
5.78E-3	1.16E+00	1.54E-02	
5.79E-3	1.20E+00	1.56E-02	
5.8E-3	1.20E+00	1.56E-02	
5.81E-3	1.20E+00	1.56E-02	
5.82E-3	1.20E+00	1.54E-02	
5.83E-3	1.20E+00	1.56E-02	
5.84E-3	1.20E+00	1.56E-02	
5.85E-3	1.20E+00	1.56E-02	
5.86E-3	1.20E+00	1.56E-02	
5.87E-3	1.20E+00	1.58E-02	
5.88E-3	1.20E+00	1.58E-02	
5.89E-3	1.24E+00	1.56E-02	
5.9E-3	1.20E+00	1.58E-02	
5.91E-3	1.20E+00	1.58E-02	
5.92E-3	1.24E+00	1.58E-02	
5.93E-3	1.24E+00	1.58E-02	
5.94E-3	1.24E+00	1.58E-02	
5.95E-3	1.24E+00	1.58E-02	
5.96E-3	1.24E+00	1.58E-02	
5.97E-3	1.24E+00	1.60E-02	
5.98E-3	1.24E+00	1.58E-02	
5.99E-3	1.24E+00	1.58E-02	
6.E-3	1.24E+00	1.60E-02	
6.01E-3	1.28E+00	1.60E-02	
6.02E-3	1.24E+00	1.60E-02	
6.03E-3	1.24E+00	1.60E-02	
6.04E-3	1.28E+00	1.60E-02	
6.05E-3	1.28E+00	1.60E-02	
6.06E-3	1.28E+00	1.60E-02	
6.07E-3	1.28E+00	1.60E-02	
6.08E-3	1.28E+00	1.60E-02	
6.09E-3	1.28E+00	1.60E-02	
6.1E-3	1.28E+00	1.62E-02	
6.11E-3	1.28E+00	1.60E-02	
6.12E-3	1.28E+00	1.62E-02	
6.13E-3	1.32E+00	1.62E-02	
6.14E-3	1.32E+00	1.62E-02	
6.15E-3	1.32E+00	1.60E-02	
6.16E-3	1.32E+00	1.62E-02	
6.17E-3	1.32E+00	1.62E-02	
6.18E-3	1.32E+00	1.62E-02	
6.19E-3	1.32E+00	1.62E-02	
6.2E-3	1.32E+00	1.62E-02	
6.21E-3	1.32E+00	1.62E-02	
6.22E-3	1.32E+00	1.62E-02	
6.23E-3	1.32E+00	1.64E-02	
6.24E-3	1.32E+00	1.62E-02	
6.25E-3	1.36E+00	1.64E-02	
6.26E-3	1.32E+00	1.64E-02	
6.27E-3	1.36E+00	1.64E-02	
6.28E-3	1.32E+00	1.64E-02	
6.29E-3	1.36E+00	1.64E-02	
6.3E-3	1.36E+00	1.64E-02	
6.31E-3	1.36E+00	1.64E-02	
6.32E-3	1.36E+00	1.64E-02	
6.33E-3	1.36E+00	1.64E-02	
6.34E-3	1.36E+00	1.64E-02	
6.35E-3	1.40E+00	1.64E-02	
6.36E-3	1.36E+00	1.64E-02	
6.37E-3	1.36E+00	1.64E-02	
6.38E-3	1.36E+00	1.64E-02	
6.39E-3	1.40E+00	1.64E-02	
6.4E-3	1.40E+00	1.64E-02	
6.41E-3	1.40E+00	1.66E-02	
6.42E-3	1.40E+00	1.64E-02	
6.43E-3	1.40E+00	1.64E-02	
6.44E-3	1.40E+00	1.64E-02	
6.45E-3	1.40E+00	1.64E-02	
6.46E-3	1.40E+00	1.64E-02	
6.47E-3	1.40E+00	1.66E-02	
6.48E-3	1.40E+00	1.64E-02	
6.49E-3	1.44E+00	1.64E-02	
6.5E-3	1.44E+00	1.64E-02	
6.51E-3	1.44E+00	1.64E-02	
6.52E-3	1.44E+00	1.64E-02	
6.53E-3	1.44E+00	1.64E-02	
6.54E-3	1.44E+00	1.66E-02	
6.55E-3	1.44E+00	1.66E-02	
6.56E-3	1.44E+00	1.64E-02	
6.57E-3	1.44E+00	1.66E-02	
6.58E-3	1.44E+00	1.66E-02	
6.59E-3	1.44E+00	1.64E-02	
6.6E-3	1.48E+00	1.66E-02	
6.61E-3	1.48E+00	1.66E-02	
6.62E-3	1.48E+00	1.66E-02	
6.63E-3	1.48E+00	1.66E-02	
6.64E-3	1.48E+00	1.66E-02	
6.65E-3	1.48E+00	1.64E-02	
6.66E-3	1.48E+00	1.64E-02	
6.67E-3	1.48E+00	1.64E-02	
6.68E-3	1.48E+00	1.66E-02	
6.69E-3	1.48E+00	1.64E-02	
6.7E-3	1.48E+00	1.64E-02	
6.71E-3	1.48E+00	1.64E-02	
6.72E-3	1.48E+00	1.66E-02	
6.73E-3	1.48E+00	1.64E-02	
6.74E-3	1.52E+00	1.66E-02	
6.75E-3	1.52E+00	1.64E-02	
6.76E-3	1.52E+00	1.64E-02	
6.77E-3	1.52E+00	1.64E-02	
6.78E-3	1.52E+00	1.64E-02	
6.79E-3	1.52E+00	1.64E-02	
6.8E-3	1.52E+00	1.66E-02	
6.81E-3	1.52E+00	1.64E-02	
6.82E-3	1.52E+00	1.66E-02	
6.83E-3	1.52E+00	1.64E-02	
6.84E-3	1.52E+00	1.64E-02	
6.85E-3	1.56E+00	1.64E-02	
6.86E-3	1.56E+00	1.64E-02	
6.87E-3	1.56E+00	1.64E-02	
6.88E-3	1.56E+00	1.64E-02	
6.89E-3	1.56E+00	1.64E-02	
6.9E-3	1.56E+00	1.64E-02	
6.91E-3	1.56E+00	1.64E-02	
6.92E-3	1.56E+00	1.64E-02	
6.93E-3	1.56E+00	1.64E-02	
6.94E-3	1.56E+00	1.64E-02	
6.95E-3	1.60E+00	1.62E-02	
6.96E-3	1.56E+00	1.62E-02	
6.97E-3	1.56E+00	1.62E-02	
6.98E-3	1.60E+00	1.62E-02	
6.99E-3	1.60E+00	1.62E-02	
7.E-3	1.60E+00	1.62E-02	
7.01E-3	1.60E+00	1.62E-02	
7.02E-3	1.60E+00	1.62E-02	
7.03E-3	1.60E+00	1.62E-02	
7.04E-3	1.60E+00	1.62E-02	
7.05E-3	1.60E+00	1.62E-02	
7.06E-3	1.64E+00	1.62E-02	
7.07E-3	1.64E+00	1.62E-02	
7.08E-3	1.64E+00	1.62E-02	
7.09E-3	1.64E+00	1.62E-02	
7.1E-3	1.64E+00	1.62E-02	
7.11E-3	1.64E+00	1.60E-02	
7.12E-3	1.64E+00	1.60E-02	
7.13E-3	1.64E+00	1.60E-02	
7.14E-3	1.64E+00	1.60E-02	
7.15E-3	1.64E+00	1.60E-02	
7.16E-3	1.64E+00	1.60E-02	
7.17E-3	1.64E+00	1.60E-02	
7.18E-3	1.68E+00	1.60E-02	
7.19E-3	1.68E+00	1.60E-02	
7.2E-3	1.68E+00	1.60E-02	
7.21E-3	1.68E+00	1.58E-02	
7.22E-3	1.68E+00	1.58E-02	
7.23E-3	1.68E+00	1.58E-02	
7.24E-3	1.68E+00	1.60E-02	
7.25E-3	1.68E+00	1.58E-02	
7.26E-3	1.68E+00	1.58E-02	
7.27E-3	1.68E+00	1.58E-02	
7.28E-3	1.68E+00	1.58E-02	
7.29E-3	1.68E+00	1.56E-02	
7.3E-3	1.68E+00	1.56E-02	
7.31E-3	1.72E+00	1.56E-02	
7.32E-3	1.72E+00	1.56E-02	
7.33E-3	1.72E+00	1.56E-02	
7.34E-3	1.72E+00	1.56E-02	
7.35E-3	1.72E+00	1.56E-02	
7.36E-3	1.72E+00	1.56E-02	
7.37E-3	1.72E+00	1.56E-02	
7.38E-3	1.72E+00	1.54E-02	
7.39E-3	1.72E+00	1.56E-02	
7.4E-3	1.72E+00	1.56E-02	
7.41E-3	1.72E+00	1.54E-02	
7.42E-3	1.72E+00	1.54E-02	
7.43E-3	1.76E+00	1.54E-02	
7.44E-3	1.76E+00	1.54E-02	
7.45E-3	1.76E+00	1.54E-02	
7.46E-3	1.76E+00	1.52E-02	
7.47E-3	1.76E+00	1.52E-02	
7.48E-3	1.76E+00	1.54E-02	
7.49E-3	1.76E+00	1.52E-02	
7.5E-3	1.76E+00	1.52E-02	
7.51E-3	1.76E+00	1.52E-02	
7.52E-3	1.80E+00	1.52E-02	
7.53E-3	1.76E+00	1.52E-02	
7.54E-3	1.80E+00	1.52E-02	
7.55E-3	1.80E+00	1.52E-02	
7.56E-3	1.80E+00	1.50E-02	
7.57E-3	1.80E+00	1.50E-02	
7.58E-3	1.80E+00	1.50E-02	
7.59E-3	1.80E+00	1.50E-02	
7.6E-3	1.80E+00	1.50E-02	
7.61E-3	1.80E+00	1.50E-02	
7.62E-3	1.80E+00	1.48E-02	
7.63E-3	1.80E+00	1.48E-02	
7.64E-3	1.80E+00	1.48E-02	
7.65E-3	1.80E+00	1.48E-02	
7.66E-3	1.84E+00	1.48E-02	
7.67E-3	1.84E+00	1.48E-02	
7.68E-3	1.84E+00	1.46E-02	
7.69E-3	1.84E+00	1.48E-02	
7.7E-3	1.84E+00	1.46E-02	
7.71E-3	1.84E+00	1.46E-02	
7.72E-3	1.84E+00	1.46E-02	
7.73E-3	1.84E+00	1.46E-02	
7.74E-3	1.84E+00	1.44E-02	
7.75E-3	1.84E+00	1.44E-02	
7.76E-3	1.84E+00	1.44E-02	
7.77E-3	1.84E+00	1.44E-02	
7.78E-3	1.88E+00	1.44E-02	
7.79E-3	1.88E+00	1.44E-02	
7.8E-3	1.88E+00	1.44E-02	
7.81E-3	1.88E+00	1.42E-02	
7.82E-3	1.88E+00	1.42E-02	
7.83E-3	1.88E+00	1.42E-02	
7.84E-3	1.88E+00	1.40E-02	
7.85E-3	1.88E+00	1.42E-02	
7.86E-3	1.88E+00	1.40E-02	
7.87E-3	1.88E+00	1.40E-02	
7.88E-3	1.92E+00	1.40E-02	
7.89E-3	1.88E+00	1.40E-02	
7.9E-3	1.92E+00	1.40E-02	
7.91E-3	1.92E+00	1.40E-02	
7.92E-3	1.92E+00	1.38E-02	
7.93E-3	1.92E+00	1.38E-02	
7.94E-3	1.92E+00	1.38E-02	
7.95E-3	1.92E+00	1.38E-02	
7.96E-3	1.92E+00	1.36E-02	
7.97E-3	1.92E+00	1.36E-02	
7.98E-3	1.92E+00	1.36E-02	
7.99E-3	1.92E+00	1.34E-02	
8.E-3	1.92E+00	1.34E-02	
8.01E-3	1.92E+00	1.34E-02	
8.02E-3	1.96E+00	1.34E-02	
8.03E-3	1.96E+00	1.34E-02	
8.04E-3	1.96E+00	1.34E-02	
8.05E-3	1.96E+00	1.34E-02	
8.06E-3	1.96E+00	1.32E-02	
8.07E-3	1.96E+00	1.32E-02	
8.08E-3	1.96E+00	1.32E-02	
8.09E-3	1.96E+00	1.30E-02	
8.1E-3	1.96E+00	1.30E-02	
8.11E-3	1.96E+00	1.30E-02	
8.12E-3	2.00E+00	1.30E-02	
8.13E-3	2.00E+00	1.30E-02	
8.14E-3	2.00E+00	1.28E-02	
8.15E-3	2.00E+00	1.28E-02	
8.16E-3	2.00E+00	1.28E-02	
8.17E-3	2.00E+00	1.28E-02	
8.18E-3	2.00E+00	1.28E-02	
8.19E-3	2.00E+00	1.28E-02	
8.2E-3	2.00E+00	1.26E-02	
8.21E-3	2.00E+00	1.26E-02	
8.22E-3	2.00E+00	1.26E-02	
8.23E-3	2.00E+00	1.24E-02	
8.24E-3	2.04E+00	1.24E-02	
8.25E-3	2.04E+00	1.24E-02	
8.26E-3	2.04E+00	1.24E-02	
8.27E-3	2.04E+00	1.24E-02	
8.28E-3	2.04E+00	1.24E-02	
8.29E-3	2.04E+00	1.22E-02	
8.3E-3	2.04E+00	1.22E-02	
8.31E-3	2.04E+00	1.20E-02	
8.32E-3	2.04E+00	1.20E-02	
8.33E-3	2.04E+00	1.20E-02	
8.34E-3	2.04E+00	1.18E-02	
8.35E-3	2.04E+00	1.18E-02	
8.36E-3	2.04E+00	1.18E-02	
8.37E-3	2.04E+00	1.18E-02	
8.38E-3	2.08E+00	1.16E-02	
8.39E-3	2.08E+00	1.16E-02	
8.4E-3	2.08E+00	1.16E-02	
8.41E-3	2.08E+00	1.16E-02	
8.42E-3	2.08E+00	1.16E-02	
8.43E-3	2.08E+00	1.14E-02	
8.44E-3	2.08E+00	1.14E-02	
8.45E-3	2.08E+00	1.14E-02	
8.46E-3	2.08E+00	1.14E-02	
8.47E-3	2.12E+00	1.14E-02	
8.48E-3	2.12E+00	1.12E-02	
8.49E-3	2.12E+00	1.12E-02	
8.5E-3	2.12E+00	1.10E-02	
8.51E-3	2.12E+00	1.10E-02	
8.52E-3	2.12E+00	1.10E-02	
8.53E-3	2.12E+00	1.10E-02	
8.54E-3	2.12E+00	1.10E-02	
8.55E-3	2.12E+00	1.10E-02	
8.56E-3	2.16E+00	1.08E-02	
8.57E-3	2.12E+00	1.08E-02	
8.58E-3	2.12E+00	1.06E-02	
8.59E-3	2.12E+00	1.08E-02	
8.6E-3	2.12E+00	1.06E-02	
8.61E-3	2.16E+00	1.06E-02	
8.62E-3	2.16E+00	1.04E-02	
8.63E-3	2.16E+00	1.04E-02	
8.64E-3	2.16E+00	1.04E-02	
8.65E-3	2.16E+00	1.02E-02	
8.66E-3	2.16E+00	1.02E-02	
8.67E-3	2.16E+00	1.02E-02	
8.68E-3	2.16E+00	1.00E-02	
8.69E-3	2.20E+00	1.02E-02	
8.7E-3	2.20E+00	1.00E-02	
8.71E-3	2.16E+00	1.00E-02	
8.72E-3	2.20E+00	1.00E-02	
8.73E-3	2.20E+00	9.80E-03	
8.74E-3	2.20E+00	9.80E-03	
8.75E-3	2.20E+00	9.80E-03	
8.76E-3	2.20E+00	9.80E-03	
8.77E-3	2.20E+00	9.60E-03	
8.78E-3	2.20E+00	9.60E-03	
8.79E-3	2.20E+00	9.60E-03	
8.8E-3	2.20E+00	9.40E-03	
8.81E-3	2.24E+00	9.40E-03	
8.82E-3	2.24E+00	9.40E-03	
8.83E-3	2.24E+00	9.20E-03	
8.84E-3	2.24E+00	9.20E-03	
8.85E-3	2.24E+00	9.20E-03	
8.86E-3	2.24E+00	9.20E-03	
8.87E-3	2.24E+00	9.00E-03	
8.88E-3	2.24E+00	9.00E-03	
8.89E-3	2.24E+00	9.00E-03	
8.9E-3	2.24E+00	8.80E-03	
8.91E-3	2.24E+00	8.80E-03	
8.92E-3	2.24E+00	8.60E-03	
8.93E-3	2.28E+00	8.60E-03	
8.94E-3	2.28E+00	8.60E-03	
8.95E-3	2.28E+00	8.60E-03	
8.96E-3	2.28E+00	8.40E-03	
8.97E-3	2.28E+00	8.40E-03	
8.98E-3	2.28E+00	8.40E-03	
8.99E-3	2.28E+00	8.20E-03	
9.E-3	2.28E+00	8.20E-03	
9.01E-3	2.28E+00	8.20E-03	
9.02E-3	2.28E+00	8.20E-03	
9.03E-3	2.28E+00	8.20E-03	
9.04E-3	2.28E+00	8.20E-03	
9.05E-3	2.28E+00	8.00E-03	
9.06E-3	2.28E+00	8.00E-03	
9.07E-3	2.32E+00	7.80E-03	
9.08E-3	2.32E+00	7.80E-03	
9.09E-3	2.32E+00	7.80E-03	
9.1E-3	2.32E+00	7.60E-03	
9.11E-3	2.32E+00	7.60E-03	
9.12E-3	2.32E+00	7.60E-03	
9.13E-3	2.32E+00	7.40E-03	
9.14E-3	2.36E+00	7.40E-03	
9.15E-3	2.32E+00	7.40E-03	
9.16E-3	2.36E+00	7.20E-03	
9.17E-3	2.32E+00	7.20E-03	
9.18E-3	2.36E+00	7.20E-03	
9.19E-3	2.36E+00	7.00E-03	
9.2E-3	2.36E+00	7.00E-03	
9.21E-3	2.36E+00	6.80E-03	
9.22E-3	2.36E+00	7.00E-03	
9.23E-3	2.36E+00	6.80E-03	
9.24E-3	2.36E+00	6.80E-03	
9.25E-3	2.36E+00	6.60E-03	
9.26E-3	2.36E+00	6.60E-03	
9.27E-3	2.36E+00	6.60E-03	
9.28E-3	2.36E+00	6.60E-03	
9.29E-3	2.40E+00	6.40E-03	
9.3E-3	2.40E+00	6.40E-03	
9.31E-3	2.40E+00	6.20E-03	
9.32E-3	2.40E+00	6.20E-03	
9.33E-3	2.40E+00	6.20E-03	
9.34E-3	2.40E+00	6.00E-03	
9.35E-3	2.40E+00	6.00E-03	
9.36E-3	2.40E+00	6.00E-03	
9.37E-3	2.40E+00	5.80E-03	
9.38E-3	2.40E+00	5.80E-03	
9.39E-3	2.44E+00	5.60E-03	
9.4E-3	2.44E+00	5.60E-03	
9.41E-3	2.44E+00	5.60E-03	
9.42E-3	2.44E+00	5.60E-03	
9.43E-3	2.44E+00	5.40E-03	
9.44E-3	2.44E+00	5.40E-03	
9.45E-3	2.44E+00	5.40E-03	
9.46E-3	2.44E+00	5.20E-03	
9.47E-3	2.44E+00	5.20E-03	
9.48E-3	2.44E+00	5.20E-03	
9.49E-3	2.44E+00	5.20E-03	
9.5E-3	2.44E+00	5.00E-03	
9.51E-3	2.44E+00	5.00E-03	
9.52E-3	2.48E+00	4.80E-03	
9.53E-3	2.48E+00	4.80E-03	
9.54E-3	2.48E+00	4.80E-03	
9.55E-3	2.48E+00	4.60E-03	
9.56E-3	2.48E+00	4.60E-03	
9.57E-3	2.48E+00	4.60E-03	
9.58E-3	2.48E+00	4.40E-03	
9.59E-3	2.48E+00	4.40E-03	
9.6E-3	2.48E+00	4.40E-03	
9.61E-3	2.48E+00	4.20E-03	
9.62E-3	2.52E+00	4.20E-03	
9.63E-3	2.48E+00	4.20E-03	
9.64E-3	2.52E+00	4.00E-03	
9.65E-3	2.52E+00	4.00E-03	
9.66E-3	2.52E+00	4.00E-03	
9.67E-3	2.52E+00	4.00E-03	
9.68E-3	2.52E+00	3.80E-03	
9.69E-3	2.52E+00	3.60E-03	
9.7E-3	2.52E+00	3.60E-03	
9.71E-3	2.52E+00	3.60E-03	
9.72E-3	2.52E+00	3.60E-03	
9.73E-3	2.52E+00	3.40E-03	
9.74E-3	2.56E+00	3.40E-03	
9.75E-3	2.52E+00	3.20E-03	
9.76E-3	2.56E+00	3.20E-03	
9.77E-3	2.56E+00	3.20E-03	
9.78E-3	2.56E+00	3.00E-03	
9.79E-3	2.56E+00	3.00E-03	
9.8E-3	2.56E+00	3.00E-03	
9.81E-3	2.56E+00	3.00E-03	
9.82E-3	2.56E+00	2.80E-03	
9.83E-3	2.56E+00	2.80E-03	
9.84E-3	2.56E+00	2.80E-03	
9.85E-3	2.56E+00	2.60E-03	
9.86E-3	2.60E+00	2.60E-03	
9.87E-3	2.60E+00	2.40E-03	
9.88E-3	2.60E+00	2.40E-03	
9.89E-3	2.60E+00	2.40E-03	
9.9E-3	2.60E+00	2.40E-03	
9.91E-3	2.60E+00	2.20E-03	
9.92E-3	2.60E+00	2.20E-03	
9.93E-3	2.60E+00	2.00E-03	
9.94E-3	2.60E+00	2.00E-03	
9.95E-3	2.60E+00	2.00E-03	
9.96E-3	2.60E+00	2.00E-03	
9.97E-3	2.64E+00	1.80E-03	
9.98E-3	2.60E+00	1.80E-03	
9.99E-3	2.64E+00	1.60E-03	
1.E-2	2.64E+00	1.60E-03	
1.001E-2	2.64E+00	1.60E-03	
1.002E-2	2.64E+00	1.40E-03	
1.003E-2	2.64E+00	1.40E-03	
1.004E-2	2.64E+00	1.40E-03	
1.005E-2	2.64E+00	1.40E-03	
1.006E-2	2.64E+00	1.20E-03	
1.007E-2	2.64E+00	1.20E-03	
1.008E-2	2.68E+00	1.00E-03	
1.009E-2	2.68E+00	1.00E-03	
1.01E-2	2.68E+00	8.00E-04	
1.011E-2	2.68E+00	1.00E-03	
1.012E-2	2.68E+00	8.00E-04	
1.013E-2	2.68E+00	8.00E-04	
1.014E-2	2.68E+00	8.00E-04	
1.015E-2	2.68E+00	6.00E-04	
1.016E-2	2.68E+00	4.00E-04	
1.017E-2	2.72E+00	4.00E-04	
1.018E-2	2.68E+00	4.00E-04	
1.019E-2	2.68E+00	4.00E-04	
1.02E-2	2.68E+00	2.00E-04	
1.021E-2	2.68E+00	2.00E-04	
1.022E-2	2.72E+00	0.00E+00	
1.023E-2	2.72E+00	0.00E+00	
1.024E-2	2.72E+00	0.00E+00	
1.025E-2	2.72E+00	0.00E+00	
1.026E-2	2.72E+00	-2.00E-04	
1.027E-2	2.72E+00	-4.00E-04	
1.028E-2	2.72E+00	-2.00E-04	
1.029E-2	2.72E+00	-4.00E-04	
1.03E-2	2.72E+00	-4.00E-04	
1.031E-2	2.76E+00	-6.00E-04	
1.032E-2	2.76E+00	-6.00E-04	
1.033E-2	2.76E+00	-8.00E-04	
1.034E-2	2.76E+00	-6.00E-04	
1.035E-2	2.76E+00	-8.00E-04	
1.036E-2	2.76E+00	-8.00E-04	
1.037E-2	2.76E+00	-8.00E-04	
1.038E-2	2.76E+00	-8.00E-04	
1.039E-2	2.76E+00	-1.00E-03	
1.04E-2	2.76E+00	-1.00E-03	
1.041E-2	2.76E+00	-1.20E-03	
1.042E-2	2.76E+00	-1.20E-03	
1.043E-2	2.76E+00	-1.20E-03	
1.044E-2	2.76E+00	-1.40E-03	
1.045E-2	2.80E+00	-1.40E-03	
1.046E-2	2.80E+00	-1.60E-03	
1.047E-2	2.80E+00	-1.60E-03	
1.048E-2	2.80E+00	-1.60E-03	
1.049E-2	2.80E+00	-1.60E-03	
1.05E-2	2.80E+00	-1.60E-03	
1.051E-2	2.80E+00	-1.80E-03	
1.052E-2	2.80E+00	-1.80E-03	
1.053E-2	2.80E+00	-2.00E-03	
1.054E-2	2.80E+00	-2.00E-03	
1.055E-2	2.84E+00	-2.00E-03	
1.056E-2	2.84E+00	-2.20E-03	
1.057E-2	2.84E+00	-2.20E-03	
1.058E-2	2.84E+00	-2.40E-03	
1.059E-2	2.84E+00	-2.40E-03	
1.06E-2	2.84E+00	-2.40E-03	
1.061E-2	2.84E+00	-2.40E-03	
1.062E-2	2.84E+00	-2.60E-03	
1.063E-2	2.84E+00	-2.60E-03	
1.064E-2	2.84E+00	-2.80E-03	
1.065E-2	2.84E+00	-2.80E-03	
1.066E-2	2.84E+00	-2.80E-03	
1.067E-2	2.88E+00	-3.00E-03	
1.068E-2	2.88E+00	-3.00E-03	
1.069E-2	2.88E+00	-3.00E-03	
1.07E-2	2.88E+00	-3.00E-03	
1.071E-2	2.88E+00	-3.20E-03	
1.072E-2	2.88E+00	-3.20E-03	
1.073E-2	2.88E+00	-3.40E-03	
1.074E-2	2.88E+00	-3.20E-03	
1.075E-2	2.88E+00	-3.40E-03	
1.076E-2	2.88E+00	-3.60E-03	
1.077E-2	2.88E+00	-3.40E-03	
1.078E-2	2.92E+00	-3.60E-03	
1.079E-2	2.92E+00	-3.60E-03	
1.08E-2	2.92E+00	-3.80E-03	
1.081E-2	2.92E+00	-3.80E-03	
1.082E-2	2.92E+00	-3.80E-03	
1.083E-2	2.92E+00	-4.00E-03	
1.084E-2	2.92E+00	-4.00E-03	
1.085E-2	2.92E+00	-4.20E-03	
1.086E-2	2.92E+00	-4.20E-03	
1.087E-2	2.92E+00	-4.20E-03	
1.088E-2	2.96E+00	-4.20E-03	
1.089E-2	2.96E+00	-4.20E-03	
1.09E-2	2.96E+00	-4.40E-03	
1.091E-2	2.96E+00	-4.40E-03	
1.092E-2	2.96E+00	-4.40E-03	
1.093E-2	2.96E+00	-4.60E-03	
1.094E-2	2.96E+00	-4.60E-03	
1.095E-2	2.96E+00	-4.60E-03	
1.096E-2	2.96E+00	-4.80E-03	
1.097E-2	2.96E+00	-4.80E-03	
1.098E-2	2.96E+00	-4.80E-03	
1.099E-2	2.96E+00	-4.80E-03	
1.1E-2	2.96E+00	-5.00E-03	
1.101E-2	3.00E+00	-5.00E-03	
1.102E-2	3.00E+00	-5.00E-03	
1.103E-2	3.00E+00	-5.20E-03	
1.104E-2	3.00E+00	-5.20E-03	
1.105E-2	3.00E+00	-5.20E-03	
1.106E-2	3.00E+00	-5.40E-03	
1.107E-2	3.00E+00	-5.40E-03	
1.108E-2	3.00E+00	-5.40E-03	
1.109E-2	3.00E+00	-5.40E-03	
1.11E-2	3.00E+00	-5.60E-03	
1.111E-2	3.00E+00	-5.60E-03	
1.112E-2	3.04E+00	-5.60E-03	
1.113E-2	3.04E+00	-5.60E-03	
1.114E-2	3.00E+00	-5.80E-03	
1.115E-2	3.04E+00	-5.80E-03	
1.116E-2	3.04E+00	-6.00E-03	
1.117E-2	3.00E+00	-5.80E-03	
1.118E-2	3.04E+00	-6.00E-03	
1.119E-2	3.04E+00	-6.00E-03	
1.12E-2	3.04E+00	-6.20E-03	
1.121E-2	3.04E+00	-6.20E-03	
1.122E-2	3.04E+00	-6.20E-03	
1.123E-2	3.04E+00	-6.20E-03	
1.124E-2	3.04E+00	-6.40E-03	
1.125E-2	3.04E+00	-6.40E-03	
1.126E-2	3.08E+00	-6.60E-03	
1.127E-2	3.08E+00	-6.60E-03	
1.128E-2	3.08E+00	-6.60E-03	
1.129E-2	3.08E+00	-6.60E-03	
1.13E-2	3.08E+00	-6.60E-03	
1.131E-2	3.08E+00	-6.80E-03	
1.132E-2	3.08E+00	-6.80E-03	
1.133E-2	3.08E+00	-6.80E-03	
1.134E-2	3.08E+00	-6.80E-03	
1.135E-2	3.08E+00	-7.00E-03	
1.136E-2	3.08E+00	-7.00E-03	
1.137E-2	3.12E+00	-7.00E-03	
1.138E-2	3.12E+00	-7.00E-03	
1.139E-2	3.12E+00	-7.20E-03	
1.14E-2	3.12E+00	-7.20E-03	
1.141E-2	3.12E+00	-7.20E-03	
1.142E-2	3.12E+00	-7.40E-03	
1.143E-2	3.12E+00	-7.40E-03	
1.144E-2	3.12E+00	-7.40E-03	
1.145E-2	3.12E+00	-7.40E-03	
1.146E-2	3.12E+00	-7.60E-03	
1.147E-2	3.16E+00	-7.60E-03	
1.148E-2	3.12E+00	-7.60E-03	
1.149E-2	3.16E+00	-7.60E-03	
1.15E-2	3.16E+00	-7.60E-03	
1.151E-2	3.16E+00	-7.80E-03	
1.152E-2	3.16E+00	-7.80E-03	
1.153E-2	3.16E+00	-7.80E-03	
1.154E-2	3.16E+00	-8.00E-03	
1.155E-2	3.16E+00	-8.00E-03	
1.156E-2	3.16E+00	-8.00E-03	
1.157E-2	3.16E+00	-8.00E-03	
1.158E-2	3.16E+00	-8.20E-03	
1.159E-2	3.16E+00	-8.20E-03	
1.16E-2	3.16E+00	-8.20E-03	
1.161E-2	3.16E+00	-8.20E-03	
1.162E-2	3.20E+00	-8.40E-03	
1.163E-2	3.20E+00	-8.20E-03	
1.164E-2	3.20E+00	-8.40E-03	
1.165E-2	3.20E+00	-8.40E-03	
1.166E-2	3.20E+00	-8.60E-03	
1.167E-2	3.20E+00	-8.60E-03	
1.168E-2	3.20E+00	-8.60E-03	
1.169E-2	3.20E+00	-8.60E-03	
1.17E-2	3.24E+00	-8.60E-03	
1.171E-2	3.24E+00	-8.80E-03	
1.172E-2	3.20E+00	-8.80E-03	
1.173E-2	3.24E+00	-8.80E-03	
1.174E-2	3.24E+00	-9.00E-03	
1.175E-2	3.24E+00	-9.00E-03	
1.176E-2	3.24E+00	-9.00E-03	
1.177E-2	3.24E+00	-9.00E-03	
1.178E-2	3.24E+00	-9.00E-03	
1.179E-2	3.24E+00	-9.00E-03	
1.18E-2	3.24E+00	-9.20E-03	
1.181E-2	3.24E+00	-9.20E-03	
1.182E-2	3.24E+00	-9.20E-03	
1.183E-2	3.28E+00	-9.20E-03	
1.184E-2	3.28E+00	-9.40E-03	
1.185E-2	3.28E+00	-9.40E-03	
1.186E-2	3.28E+00	-9.40E-03	
1.187E-2	3.28E+00	-9.60E-03	
1.188E-2	3.28E+00	-9.40E-03	
1.189E-2	3.28E+00	-9.60E-03	
1.19E-2	3.28E+00	-9.60E-03	
1.191E-2	3.28E+00	-9.60E-03	
1.192E-2	3.28E+00	-9.60E-03	
1.193E-2	3.28E+00	-9.60E-03	
1.194E-2	3.32E+00	-9.80E-03	
1.195E-2	3.32E+00	-9.80E-03	
1.196E-2	3.32E+00	-9.80E-03	
1.197E-2	3.32E+00	-9.80E-03	
1.198E-2	3.32E+00	-1.00E-02	
1.199E-2	3.32E+00	-1.00E-02	
1.2E-2	3.32E+00	-1.00E-02	
1.201E-2	3.32E+00	-1.00E-02	
1.202E-2	3.32E+00	-1.00E-02	
1.203E-2	3.32E+00	-1.02E-02	
1.204E-2	3.32E+00	-1.02E-02	
1.205E-2	3.32E+00	-1.02E-02	
1.206E-2	3.36E+00	-1.02E-02	
1.207E-2	3.36E+00	-1.04E-02	
1.208E-2	3.32E+00	-1.04E-02	
1.209E-2	3.36E+00	-1.04E-02	
1.21E-2	3.36E+00	-1.04E-02	
1.211E-2	3.36E+00	-1.04E-02	
1.212E-2	3.36E+00	-1.04E-02	
1.213E-2	3.36E+00	-1.04E-02	
1.214E-2	3.36E+00	-1.04E-02	
1.215E-2	3.36E+00	-1.06E-02	
1.216E-2	3.36E+00	-1.06E-02	
1.217E-2	3.36E+00	-1.06E-02	
1.218E-2	3.40E+00	-1.06E-02	
1.219E-2	3.40E+00	-1.08E-02	
1.22E-2	3.40E+00	-1.08E-02	
1.221E-2	3.40E+00	-1.08E-02	
1.222E-2	3.40E+00	-1.08E-02	
1.223E-2	3.40E+00	-1.08E-02	
1.224E-2	3.40E+00	-1.08E-02	
1.225E-2	3.40E+00	-1.10E-02	
1.226E-2	3.40E+00	-1.10E-02	
1.227E-2	3.40E+00	-1.10E-02	
1.228E-2	3.40E+00	-1.10E-02	
1.229E-2	3.40E+00	-1.10E-02	
1.23E-2	3.44E+00	-1.10E-02	
1.231E-2	3.44E+00	-1.12E-02	
1.232E-2	3.44E+00	-1.10E-02	
1.233E-2	3.44E+00	-1.10E-02	
1.234E-2	3.44E+00	-1.10E-02	
1.235E-2	3.44E+00	-1.12E-02	
1.236E-2	3.44E+00	-1.12E-02	
1.237E-2	3.44E+00	-1.12E-02	
1.238E-2	3.44E+00	-1.14E-02	
1.239E-2	3.44E+00	-1.12E-02	
1.24E-2	3.44E+00	-1.14E-02	
1.241E-2	3.48E+00	-1.14E-02	
1.242E-2	3.48E+00	-1.14E-02	
1.243E-2	3.48E+00	-1.14E-02	
1.244E-2	3.48E+00	-1.14E-02	
1.245E-2	3.48E+00	-1.14E-02	
1.246E-2	3.48E+00	-1.16E-02	
1.247E-2	3.48E+00	-1.14E-02	
1.248E-2	3.48E+00	-1.16E-02	
1.249E-2	3.48E+00	-1.16E-02	
1.25E-2	3.48E+00	-1.16E-02	
1.251E-2	3.48E+00	-1.16E-02	
1.252E-2	3.48E+00	-1.16E-02	
1.253E-2	3.48E+00	-1.16E-02	
1.254E-2	3.52E+00	-1.18E-02	
1.255E-2	3.48E+00	-1.16E-02	
1.256E-2	3.52E+00	-1.18E-02	
1.257E-2	3.52E+00	-1.16E-02	
1.258E-2	3.52E+00	-1.18E-02	
1.259E-2	3.52E+00	-1.18E-02	
1.26E-2	3.52E+00	-1.18E-02	
1.261E-2	3.52E+00	-1.18E-02	
1.262E-2	3.52E+00	-1.18E-02	
1.263E-2	3.52E+00	-1.18E-02	
1.264E-2	3.52E+00	-1.20E-02	
1.265E-2	3.52E+00	-1.20E-02	
1.266E-2	3.56E+00	-1.20E-02	
1.267E-2	3.56E+00	-1.20E-02	
1.268E-2	3.56E+00	-1.20E-02	
1.269E-2	3.56E+00	-1.20E-02	
1.27E-2	3.56E+00	-1.20E-02	
1.271E-2	3.56E+00	-1.20E-02	
1.272E-2	3.56E+00	-1.20E-02	
1.273E-2	3.56E+00	-1.20E-02	
1.274E-2	3.56E+00	-1.20E-02	
1.275E-2	3.56E+00	-1.22E-02	
1.276E-2	3.60E+00	-1.22E-02	
1.277E-2	3.56E+00	-1.22E-02	
1.278E-2	3.60E+00	-1.22E-02	
1.279E-2	3.60E+00	-1.22E-02	
1.28E-2	3.60E+00	-1.22E-02	
1.281E-2	3.60E+00	-1.22E-02	
1.282E-2	3.60E+00	-1.22E-02	
1.283E-2	3.60E+00	-1.22E-02	
1.284E-2	3.60E+00	-1.22E-02	
1.285E-2	3.60E+00	-1.22E-02	
1.286E-2	3.60E+00	-1.22E-02	
1.287E-2	3.60E+00	-1.22E-02	
1.288E-2	3.64E+00	-1.24E-02	
1.289E-2	3.60E+00	-1.24E-02	
1.29E-2	3.64E+00	-1.22E-02	
1.291E-2	3.64E+00	-1.24E-02	
1.292E-2	3.64E+00	-1.24E-02	
1.293E-2	3.64E+00	-1.24E-02	
1.294E-2	3.64E+00	-1.24E-02	
1.295E-2	3.64E+00	-1.24E-02	
1.296E-2	3.64E+00	-1.24E-02	
1.297E-2	3.64E+00	-1.24E-02	
1.298E-2	3.64E+00	-1.24E-02	
1.299E-2	3.64E+00	-1.24E-02	
1.3E-2	3.68E+00	-1.24E-02	
1.301E-2	3.68E+00	-1.24E-02	
1.302E-2	3.68E+00	-1.24E-02	
1.303E-2	3.68E+00	-1.24E-02	
1.304E-2	3.68E+00	-1.26E-02	
1.305E-2	3.68E+00	-1.24E-02	
1.306E-2	3.68E+00	-1.24E-02	
1.307E-2	3.68E+00	-1.24E-02	
1.308E-2	3.68E+00	-1.26E-02	
1.309E-2	3.68E+00	-1.26E-02	
1.31E-2	3.68E+00	-1.24E-02	
1.311E-2	3.72E+00	-1.24E-02	
1.312E-2	3.72E+00	-1.26E-02	
1.313E-2	3.72E+00	-1.26E-02	
1.314E-2	3.72E+00	-1.26E-02	
1.315E-2	3.72E+00	-1.26E-02	
1.316E-2	3.72E+00	-1.24E-02	
1.317E-2	3.72E+00	-1.26E-02	
1.318E-2	3.72E+00	-1.26E-02	
1.319E-2	3.72E+00	-1.26E-02	
1.32E-2	3.72E+00	-1.26E-02	
1.321E-2	3.76E+00	-1.26E-02	
1.322E-2	3.72E+00	-1.26E-02	
1.323E-2	3.76E+00	-1.26E-02	
1.324E-2	3.76E+00	-1.26E-02	
1.325E-2	3.76E+00	-1.26E-02	
1.326E-2	3.76E+00	-1.26E-02	
1.327E-2	3.76E+00	-1.26E-02	
1.328E-2	3.76E+00	-1.26E-02	
1.329E-2	3.76E+00	-1.26E-02	
1.33E-2	3.76E+00	-1.26E-02	
1.331E-2	3.76E+00	-1.26E-02	
1.332E-2	3.76E+00	-1.26E-02	
1.333E-2	3.76E+00	-1.26E-02	
1.334E-2	3.76E+00	-1.26E-02	
1.335E-2	3.76E+00	-1.26E-02	
1.336E-2	3.80E+00	-1.26E-02	
1.337E-2	3.80E+00	-1.26E-02	
1.338E-2	3.80E+00	-1.26E-02	
1.339E-2	3.80E+00	-1.26E-02	
1.34E-2	3.80E+00	-1.26E-02	
1.341E-2	3.80E+00	-1.26E-02	
1.342E-2	3.80E+00	-1.26E-02	
1.343E-2	3.80E+00	-1.26E-02	
1.344E-2	3.80E+00	-1.24E-02	
1.345E-2	3.80E+00	-1.26E-02	
1.346E-2	3.80E+00	-1.26E-02	
1.347E-2	3.84E+00	-1.26E-02	
1.348E-2	3.84E+00	-1.26E-02	
1.349E-2	3.80E+00	-1.26E-02	
1.35E-2	3.84E+00	-1.24E-02	
1.351E-2	3.84E+00	-1.26E-02	
1.352E-2	3.84E+00	-1.24E-02	
1.353E-2	3.84E+00	-1.26E-02	
1.354E-2	3.84E+00	-1.24E-02	
1.355E-2	3.84E+00	-1.24E-02	
1.356E-2	3.84E+00	-1.24E-02	
1.357E-2	3.84E+00	-1.24E-02	
1.358E-2	3.88E+00	-1.24E-02	
1.359E-2	3.88E+00	-1.24E-02	
1.36E-2	3.88E+00	-1.24E-02	
1.361E-2	3.88E+00	-1.24E-02	
1.362E-2	3.88E+00	-1.24E-02	
1.363E-2	3.88E+00	-1.24E-02	
1.364E-2	3.88E+00	-1.24E-02	
1.365E-2	3.88E+00	-1.24E-02	
1.366E-2	3.88E+00	-1.24E-02	
1.367E-2	3.88E+00	-1.24E-02	
1.368E-2	3.88E+00	-1.24E-02	
1.369E-2	3.88E+00	-1.22E-02	
1.37E-2	3.88E+00	-1.22E-02	
1.371E-2	3.92E+00	-1.24E-02	
1.372E-2	3.92E+00	-1.22E-02	
1.373E-2	3.88E+00	-1.22E-02	
1.374E-2	3.92E+00	-1.22E-02	
1.375E-2	3.92E+00	-1.24E-02	
1.376E-2	3.92E+00	-1.22E-02	
1.377E-2	3.92E+00	-1.22E-02	
1.378E-2	3.92E+00	-1.22E-02	
1.379E-2	3.92E+00	-1.22E-02	
1.38E-2	3.92E+00	-1.22E-02	
1.381E-2	3.92E+00	-1.22E-02	
1.382E-2	3.96E+00	-1.20E-02	
1.383E-2	3.96E+00	-1.20E-02	
1.384E-2	3.96E+00	-1.20E-02	
1.385E-2	3.96E+00	-1.20E-02	
1.386E-2	3.96E+00	-1.20E-02	
1.387E-2	3.96E+00	-1.20E-02	
1.388E-2	3.96E+00	-1.20E-02	
1.389E-2	3.96E+00	-1.20E-02	
1.39E-2	3.96E+00	-1.20E-02	
1.391E-2	4.00E+00	-1.20E-02	
1.392E-2	4.00E+00	-1.20E-02	
1.393E-2	3.96E+00	-1.18E-02	
1.394E-2	4.00E+00	-1.20E-02	
1.395E-2	4.00E+00	-1.18E-02	
1.396E-2	4.00E+00	-1.18E-02	
1.397E-2	4.00E+00	-1.18E-02	
1.398E-2	4.00E+00	-1.18E-02	
1.399E-2	4.00E+00	-1.18E-02	
1.4E-2	4.00E+00	-1.18E-02	
1.401E-2	4.00E+00	-1.18E-02	
1.402E-2	4.00E+00	-1.18E-02	
1.403E-2	4.00E+00	-1.16E-02	
1.404E-2	4.00E+00	-1.16E-02	
1.405E-2	4.04E+00	-1.16E-02	
1.406E-2	4.04E+00	-1.16E-02	
1.407E-2	4.04E+00	-1.16E-02	
1.408E-2	4.04E+00	-1.16E-02	
1.409E-2	4.04E+00	-1.16E-02	
1.41E-2	4.04E+00	-1.14E-02	
1.411E-2	4.04E+00	-1.16E-02	
1.412E-2	4.04E+00	-1.14E-02	
1.413E-2	4.04E+00	-1.14E-02	
1.414E-2	4.04E+00	-1.14E-02	
1.415E-2	4.04E+00	-1.14E-02	
1.416E-2	4.04E+00	-1.14E-02	
1.417E-2	4.04E+00	-1.14E-02	
1.418E-2	4.08E+00	-1.12E-02	
1.419E-2	4.08E+00	-1.12E-02	
1.42E-2	4.08E+00	-1.12E-02	
1.421E-2	4.08E+00	-1.12E-02	
1.422E-2	4.08E+00	-1.12E-02	
1.423E-2	4.08E+00	-1.12E-02	
1.424E-2	4.08E+00	-1.10E-02	
1.425E-2	4.08E+00	-1.10E-02	
1.426E-2	4.08E+00	-1.10E-02	
1.427E-2	4.12E+00	-1.10E-02	
1.428E-2	4.08E+00	-1.10E-02	
1.429E-2	4.12E+00	-1.10E-02	
1.43E-2	4.12E+00	-1.10E-02	
1.431E-2	4.12E+00	-1.08E-02	
1.432E-2	4.12E+00	-1.08E-02	
1.433E-2	4.12E+00	-1.08E-02	
1.434E-2	4.12E+00	-1.08E-02	
1.435E-2	4.12E+00	-1.08E-02	
1.436E-2	4.12E+00	-1.08E-02	
1.437E-2	4.12E+00	-1.08E-02	
1.438E-2	4.12E+00	-1.08E-02	
1.439E-2	4.12E+00	-1.06E-02	
1.44E-2	4.12E+00	-1.06E-02	
1.441E-2	4.16E+00	-1.06E-02	
1.442E-2	4.16E+00	-1.06E-02	
1.443E-2	4.16E+00	-1.04E-02	
1.444E-2	4.16E+00	-1.06E-02	
1.445E-2	4.16E+00	-1.04E-02	
1.446E-2	4.16E+00	-1.04E-02	
1.447E-2	4.16E+00	-1.04E-02	
1.448E-2	4.16E+00	-1.04E-02	
1.449E-2	4.16E+00	-1.04E-02	
1.45E-2	4.16E+00	-1.02E-02	
1.451E-2	4.16E+00	-1.02E-02	
1.452E-2	4.16E+00	-1.04E-02	
1.453E-2	4.20E+00	-1.02E-02	
1.454E-2	4.20E+00	-1.00E-02	
1.455E-2	4.20E+00	-1.00E-02	
1.456E-2	4.20E+00	-1.00E-02	
1.457E-2	4.20E+00	-1.00E-02	
1.458E-2	4.20E+00	-1.00E-02	
1.459E-2	4.20E+00	-1.00E-02	
1.46E-2	4.20E+00	-9.80E-03	
1.461E-2	4.20E+00	-9.80E-03	
1.462E-2	4.20E+00	-9.80E-03	
1.463E-2	4.20E+00	-9.60E-03	
1.464E-2	4.24E+00	-9.60E-03	
1.465E-2	4.24E+00	-9.60E-03	
1.466E-2	4.24E+00	-9.60E-03	
1.467E-2	4.24E+00	-9.60E-03	
1.468E-2	4.24E+00	-9.40E-03	
1.469E-2	4.24E+00	-9.40E-03	
1.47E-2	4.24E+00	-9.40E-03	
1.471E-2	4.24E+00	-9.40E-03	
1.472E-2	4.24E+00	-9.40E-03	
1.473E-2	4.24E+00	-9.20E-03	
1.474E-2	4.28E+00	-9.20E-03	
1.475E-2	4.28E+00	-9.20E-03	
1.476E-2	4.28E+00	-9.20E-03	
1.477E-2	4.28E+00	-9.20E-03	
1.478E-2	4.28E+00	-9.20E-03	
1.479E-2	4.28E+00	-9.00E-03	
1.48E-2	4.28E+00	-9.00E-03	
1.481E-2	4.28E+00	-9.00E-03	
1.482E-2	4.28E+00	-8.80E-03	
1.483E-2	4.28E+00	-8.80E-03	
1.484E-2	4.28E+00	-8.80E-03	
1.485E-2	4.28E+00	-8.80E-03	
1.486E-2	4.32E+00	-8.60E-03	
1.487E-2	4.32E+00	-8.80E-03	
1.488E-2	4.32E+00	-8.60E-03	
1.489E-2	4.32E+00	-8.60E-03	
1.49E-2	4.32E+00	-8.40E-03	
1.491E-2	4.32E+00	-8.40E-03	
1.492E-2	4.32E+00	-8.40E-03	
1.493E-2	4.32E+00	-8.40E-03	
1.494E-2	4.32E+00	-8.40E-03	
1.495E-2	4.32E+00	-8.20E-03	
1.496E-2	4.32E+00	-8.20E-03	
1.497E-2	4.36E+00	-8.20E-03	
1.498E-2	4.36E+00	-8.20E-03	
1.499E-2	4.36E+00	-8.20E-03	
1.5E-2	4.36E+00	-8.00E-03	
1.501E-2	4.36E+00	-8.00E-03	
1.502E-2	4.36E+00	-8.00E-03	
1.503E-2	4.36E+00	-7.80E-03	
1.504E-2	4.36E+00	-7.80E-03	
1.505E-2	4.36E+00	-7.80E-03	
1.506E-2	4.36E+00	-7.80E-03	
1.507E-2	4.36E+00	-7.80E-03	
1.508E-2	4.36E+00	-7.60E-03	
1.509E-2	4.36E+00	-7.60E-03	
1.51E-2	4.36E+00	-7.40E-03	
1.511E-2	4.40E+00	-7.40E-03	
1.512E-2	4.36E+00	-7.40E-03	
1.513E-2	4.40E+00	-7.40E-03	
1.514E-2	4.40E+00	-7.20E-03	
1.515E-2	4.40E+00	-7.20E-03	
1.516E-2	4.40E+00	-7.40E-03	
1.517E-2	4.40E+00	-7.00E-03	
1.518E-2	4.40E+00	-7.20E-03	
1.519E-2	4.40E+00	-7.00E-03	
1.52E-2	4.40E+00	-7.00E-03	
1.521E-2	4.40E+00	-6.80E-03	
1.522E-2	4.40E+00	-6.80E-03	
1.523E-2	4.44E+00	-6.80E-03	
1.524E-2	4.44E+00	-6.80E-03	
1.525E-2	4.44E+00	-6.80E-03	
1.526E-2	4.44E+00	-6.60E-03	
1.527E-2	4.44E+00	-6.80E-03	
1.528E-2	4.44E+00	-6.60E-03	
1.529E-2	4.44E+00	-6.40E-03	
1.53E-2	4.44E+00	-6.40E-03	
1.531E-2	4.44E+00	-6.40E-03	
1.532E-2	4.44E+00	-6.40E-03	
1.533E-2	4.44E+00	-6.20E-03	
1.534E-2	4.48E+00	-6.20E-03	
1.535E-2	4.48E+00	-6.20E-03	
1.536E-2	4.48E+00	-6.20E-03	
1.537E-2	4.48E+00	-6.00E-03	
1.538E-2	4.48E+00	-6.00E-03	
1.539E-2	4.48E+00	-6.00E-03	
1.54E-2	4.48E+00	-5.80E-03	
1.541E-2	4.48E+00	-5.80E-03	
1.542E-2	4.48E+00	-5.80E-03	
1.543E-2	4.48E+00	-5.60E-03	
1.544E-2	4.48E+00	-5.60E-03	
1.545E-2	4.48E+00	-5.60E-03	
1.546E-2	4.52E+00	-5.40E-03	
1.547E-2	4.52E+00	-5.40E-03	
1.548E-2	4.52E+00	-5.40E-03	
1.549E-2	4.52E+00	-5.40E-03	
1.55E-2	4.52E+00	-5.20E-03	
1.551E-2	4.52E+00	-5.20E-03	
1.552E-2	4.52E+00	-5.20E-03	
1.553E-2	4.52E+00	-5.00E-03	
1.554E-2	4.56E+00	-5.00E-03	
1.555E-2	4.52E+00	-5.00E-03	
1.556E-2	4.52E+00	-4.80E-03	
1.557E-2	4.56E+00	-4.80E-03	
1.558E-2	4.56E+00	-4.80E-03	
1.559E-2	4.56E+00	-4.80E-03	
1.56E-2	4.56E+00	-4.60E-03	
1.561E-2	4.56E+00	-4.60E-03	
1.562E-2	4.56E+00	-4.60E-03	
1.563E-2	4.56E+00	-4.40E-03	
1.564E-2	4.56E+00	-4.40E-03	
1.565E-2	4.56E+00	-4.40E-03	
1.566E-2	4.56E+00	-4.20E-03	
1.567E-2	4.56E+00	-4.20E-03	
1.568E-2	4.60E+00	-4.20E-03	
1.569E-2	4.60E+00	-4.20E-03	
1.57E-2	4.60E+00	-4.00E-03	
1.571E-2	4.60E+00	-4.00E-03	
1.572E-2	4.60E+00	-3.80E-03	
1.573E-2	4.60E+00	-3.80E-03	
1.574E-2	4.60E+00	-3.80E-03	
1.575E-2	4.60E+00	-3.80E-03	
1.576E-2	4.60E+00	-3.60E-03	
1.577E-2	4.60E+00	-3.60E-03	
1.578E-2	4.60E+00	-3.40E-03	
1.579E-2	4.60E+00	-3.40E-03	
1.58E-2	4.60E+00	-3.40E-03	
1.581E-2	4.60E+00	-3.20E-03	
1.582E-2	4.64E+00	-3.40E-03	
1.583E-2	4.64E+00	-3.20E-03	
1.584E-2	4.64E+00	-3.20E-03	
1.585E-2	4.64E+00	-3.00E-03	
1.586E-2	4.64E+00	-3.20E-03	
1.587E-2	4.64E+00	-3.00E-03	
1.588E-2	4.64E+00	-3.00E-03	
1.589E-2	4.64E+00	-2.80E-03	
1.59E-2	4.64E+00	-2.80E-03	
1.591E-2	4.64E+00	-2.60E-03	
1.592E-2	4.68E+00	-2.60E-03	
1.593E-2	4.68E+00	-2.60E-03	
1.594E-2	4.68E+00	-2.40E-03	
1.595E-2	4.68E+00	-2.40E-03	
1.596E-2	4.68E+00	-2.40E-03	
1.597E-2	4.68E+00	-2.40E-03	
1.598E-2	4.68E+00	-2.20E-03	
1.599E-2	4.68E+00	-2.20E-03	
1.6E-2	4.68E+00	-2.20E-03	
1.601E-2	4.68E+00	-2.00E-03	
1.602E-2	4.68E+00	-2.00E-03	
1.603E-2	4.68E+00	-1.80E-03	
1.604E-2	4.72E+00	-1.80E-03	
1.605E-2	4.72E+00	-1.80E-03	
1.606E-2	4.72E+00	-1.60E-03	
1.607E-2	4.72E+00	-1.60E-03	
1.608E-2	4.72E+00	-1.60E-03	
1.609E-2	4.72E+00	-1.40E-03	
1.61E-2	4.72E+00	-1.40E-03	
1.611E-2	4.72E+00	-1.40E-03	
1.612E-2	4.72E+00	-1.20E-03	
1.613E-2	4.72E+00	-1.20E-03	
1.614E-2	4.72E+00	-1.20E-03	
1.615E-2	4.72E+00	-1.20E-03	
1.616E-2	4.76E+00	-1.00E-03	
1.617E-2	4.76E+00	-1.00E-03	
1.618E-2	4.76E+00	-1.00E-03	
1.619E-2	4.76E+00	-8.00E-04	
1.62E-2	4.76E+00	-8.00E-04	
1.621E-2	4.76E+00	-6.00E-04	
1.622E-2	4.76E+00	-6.00E-04	
1.623E-2	4.76E+00	-6.00E-04	
1.624E-2	4.76E+00	-6.00E-04	
1.625E-2	4.76E+00	-4.00E-04	
1.626E-2	4.76E+00	-4.00E-04	
1.627E-2	4.76E+00	-4.00E-04	
1.628E-2	4.80E+00	-2.00E-04	
1.629E-2	4.80E+00	-2.00E-04	
1.63E-2	4.80E+00	-2.00E-04	
1.631E-2	4.80E+00	0.00E+00	
1.632E-2	4.80E+00	0.00E+00	
1.633E-2	4.80E+00	2.00E-04	
1.634E-2	4.80E+00	2.00E-04	
1.635E-2	4.80E+00	2.00E-04	
1.636E-2	4.80E+00	2.00E-04	
1.637E-2	4.80E+00	4.00E-04	
1.638E-2	4.80E+00	6.00E-04	
1.639E-2	4.84E+00	6.00E-04	
1.64E-2	4.84E+00	6.00E-04	
1.641E-2	4.84E+00	6.00E-04	
1.642E-2	4.84E+00	8.00E-04	
1.643E-2	4.84E+00	8.00E-04	
1.644E-2	4.84E+00	8.00E-04	
1.645E-2	4.84E+00	1.00E-03	
1.646E-2	4.84E+00	1.00E-03	
1.647E-2	4.84E+00	1.00E-03	
1.648E-2	4.84E+00	1.20E-03	
1.649E-2	4.84E+00	1.20E-03	
1.65E-2	4.88E+00	1.20E-03	
1.651E-2	4.88E+00	1.20E-03	
1.652E-2	4.88E+00	1.40E-03	
1.653E-2	4.88E+00	1.20E-03	
1.654E-2	4.88E+00	1.60E-03	
1.655E-2	4.88E+00	1.60E-03	
1.656E-2	4.88E+00	1.60E-03	
1.657E-2	4.88E+00	1.60E-03	
1.658E-2	4.88E+00	1.80E-03	
1.659E-2	4.88E+00	1.80E-03	
1.66E-2	4.88E+00	2.00E-03	
1.661E-2	4.88E+00	2.00E-03	
1.662E-2	4.92E+00	2.00E-03	
1.663E-2	4.92E+00	2.00E-03	
1.664E-2	4.88E+00	2.20E-03	
1.665E-2	4.92E+00	2.20E-03	
1.666E-2	4.92E+00	2.40E-03	
1.667E-2	4.92E+00	2.40E-03	
1.668E-2	4.92E+00	2.60E-03	
1.669E-2	4.92E+00	2.60E-03	
1.67E-2	4.92E+00	2.60E-03	
1.671E-2	4.92E+00	2.60E-03	
1.672E-2	4.92E+00	2.80E-03	
1.673E-2	4.92E+00	2.80E-03	
1.674E-2	4.92E+00	2.80E-03	
1.675E-2	4.96E+00	3.00E-03	
1.676E-2	4.96E+00	3.00E-03	
1.677E-2	4.96E+00	3.20E-03	
1.678E-2	4.96E+00	3.20E-03	
1.679E-2	4.96E+00	3.20E-03	
1.68E-2	4.96E+00	3.20E-03	
1.681E-2	4.96E+00	3.40E-03	
1.682E-2	4.96E+00	3.40E-03	
1.683E-2	4.96E+00	3.60E-03	
1.684E-2	4.96E+00	3.60E-03	
1.685E-2	4.96E+00	3.60E-03	
1.686E-2	5.00E+00	3.60E-03	
1.687E-2	5.00E+00	3.80E-03	
1.688E-2	5.00E+00	4.00E-03	
1.689E-2	4.92E+00	3.80E-03	
1.69E-2	4.60E+00	3.40E-03	
1.691E-2	4.16E+00	2.40E-03	
1.692E-2	3.88E+00	1.20E-03	
1.693E-2	3.60E+00	-2.00E-04	
1.694E-2	3.28E+00	-1.20E-03	
1.695E-2	2.96E+00	-1.80E-03	
1.696E-2	2.68E+00	-1.80E-03	
1.697E-2	2.36E+00	-1.20E-03	
1.698E-2	2.04E+00	-2.00E-04	
1.699E-2	1.76E+00	1.00E-03	
1.7E-2	1.44E+00	2.60E-03	
1.701E-2	1.16E+00	3.80E-03	
1.702E-2	8.40E-01	4.80E-03	
1.703E-2	5.60E-01	5.20E-03	
1.704E-2	3.20E-01	5.20E-03	
1.705E-2	2.80E-01	5.00E-03	
1.706E-2	2.00E-01	4.80E-03	
1.707E-2	1.60E-01	4.40E-03	
1.708E-2	1.20E-01	3.80E-03	
1.709E-2	8.00E-02	3.40E-03	
1.71E-2	8.00E-02	3.00E-03	
1.711E-2	8.00E-02	2.60E-03	
1.712E-2	8.00E-02	2.20E-03	
1.713E-2	8.00E-02	1.80E-03	
1.714E-2	8.00E-02	1.60E-03	
1.715E-2	8.00E-02	1.40E-03	
1.716E-2	4.00E-02	1.00E-03	
1.717E-2	8.00E-02	8.00E-04	
1.718E-2	4.00E-02	6.00E-04	
1.719E-2	4.00E-02	6.00E-04	
1.72E-2	8.00E-02	4.00E-04	
1.721E-2	4.00E-02	2.00E-04	
1.722E-2	8.00E-02	0.00E+00	
1.723E-2	8.00E-02	0.00E+00	
1.724E-2	4.00E-02	-2.00E-04	
1.725E-2	4.00E-02	-4.00E-04	
1.726E-2	4.00E-02	-4.00E-04	
1.727E-2	8.00E-02	-4.00E-04	
1.728E-2	8.00E-02	-6.00E-04	
1.729E-2	4.00E-02	-6.00E-04	
1.73E-2	8.00E-02	-6.00E-04	
1.731E-2	4.00E-02	-8.00E-04	
1.732E-2	4.00E-02	-8.00E-04	
1.733E-2	8.00E-02	-8.00E-04	
1.734E-2	4.00E-02	-8.00E-04	
1.735E-2	8.00E-02	-8.00E-04	
1.736E-2	8.00E-02	-1.00E-03	
1.737E-2	8.00E-02	-1.00E-03	
1.738E-2	8.00E-02	-1.00E-03	
1.739E-2	4.00E-02	-1.00E-03	
1.74E-2	8.00E-02	-1.00E-03	
1.741E-2	4.00E-02	-1.00E-03	
1.742E-2	8.00E-02	-1.00E-03	
1.743E-2	8.00E-02	-1.20E-03	
1.744E-2	4.00E-02	-1.00E-03	
1.745E-2	8.00E-02	-1.20E-03	
1.746E-2	8.00E-02	-1.20E-03	
1.747E-2	8.00E-02	-1.20E-03	
1.748E-2	4.00E-02	-1.00E-03	
1.749E-2	4.00E-02	-1.20E-03	
1.75E-2	8.00E-02	-1.20E-03	
1.751E-2	4.00E-02	-1.20E-03	
1.752E-2	4.00E-02	-1.40E-03	
1.753E-2	4.00E-02	-1.20E-03	
1.754E-2	4.00E-02	-1.20E-03	
1.755E-2	4.00E-02	-1.20E-03	
1.756E-2	4.00E-02	-1.20E-03	
1.757E-2	8.00E-02	-1.20E-03	
1.758E-2	8.00E-02	-1.20E-03	
1.759E-2	8.00E-02	-1.20E-03	
1.76E-2	4.00E-02	-1.20E-03	
1.761E-2	8.00E-02	-1.20E-03	
1.762E-2	8.00E-02	-1.20E-03	
1.763E-2	8.00E-02	-1.20E-03	
1.764E-2	4.00E-02	-1.20E-03	
1.765E-2	8.00E-02	-1.20E-03	
1.766E-2	4.00E-02	-1.40E-03	
1.767E-2	4.00E-02	-1.40E-03	
1.768E-2	4.00E-02	-1.20E-03	
1.769E-2	8.00E-02	-1.40E-03	
1.77E-2	4.00E-02	-1.20E-03	
1.771E-2	4.00E-02	-1.20E-03	
1.772E-2	8.00E-02	-1.40E-03	
1.773E-2	8.00E-02	-1.40E-03	
1.774E-2	8.00E-02	-1.20E-03	
1.775E-2	8.00E-02	-1.20E-03	
1.776E-2	4.00E-02	-1.40E-03	
1.777E-2	4.00E-02	-1.20E-03	
1.778E-2	8.00E-02	-1.20E-03	
1.779E-2	8.00E-02	-1.20E-03	
1.78E-2	8.00E-02	-1.20E-03	
1.781E-2	4.00E-02	-1.40E-03	
1.782E-2	8.00E-02	-1.40E-03	
1.783E-2	4.00E-02	-1.20E-03	
1.784E-2	8.00E-02	-1.20E-03	
1.785E-2	8.00E-02	-1.40E-03	
1.786E-2	8.00E-02	-1.20E-03	
1.787E-2	4.00E-02	-1.40E-03	
1.788E-2	8.00E-02	-1.20E-03	
1.789E-2	4.00E-02	-1.40E-03	
1.79E-2	4.00E-02	-1.20E-03	
1.791E-2	8.00E-02	-1.40E-03	
1.792E-2	4.00E-02	-1.20E-03	
1.793E-2	4.00E-02	-1.40E-03	
1.794E-2	4.00E-02	-1.40E-03	
1.795E-2	4.00E-02	-1.20E-03	
1.796E-2	4.00E-02	-1.20E-03	
1.797E-2	8.00E-02	-1.20E-03	
1.798E-2	4.00E-02	-1.40E-03	
1.799E-2	4.00E-02	-1.20E-03	
1.8E-2	4.00E-02	-1.20E-03	
1.801E-2	4.00E-02	-1.20E-03	
1.802E-2	8.00E-02	-1.20E-03	
1.803E-2	4.00E-02	-1.20E-03	
1.804E-2	4.00E-02	-1.40E-03	
1.805E-2	4.00E-02	-1.20E-03	
1.806E-2	8.00E-02	-1.20E-03	
1.807E-2	8.00E-02	-1.20E-03	
1.808E-2	4.00E-02	-1.40E-03	
1.809E-2	4.00E-02	-1.20E-03	
1.81E-2	8.00E-02	-1.20E-03	
1.811E-2	4.00E-02	-1.20E-03	
1.812E-2	8.00E-02	-1.40E-03	
1.813E-2	8.00E-02	-1.20E-03	
1.814E-2	8.00E-02	-1.20E-03	
1.815E-2	4.00E-02	-1.20E-03	
1.816E-2	4.00E-02	-1.40E-03	
1.817E-2	4.00E-02	-1.20E-03	
1.818E-2	8.00E-02	-1.20E-03	
1.819E-2	8.00E-02	-1.20E-03	
1.82E-2	8.00E-02	-1.40E-03	
1.821E-2	4.00E-02	-1.20E-03	
1.822E-2	8.00E-02	-1.20E-03	
1.823E-2	4.00E-02	-1.40E-03	
1.824E-2	4.00E-02	-1.40E-03	
1.825E-2	4.00E-02	-1.40E-03	
1.826E-2	8.00E-02	-1.40E-03	
1.827E-2	4.00E-02	-1.20E-03	
1.828E-2	8.00E-02	-1.20E-03	
1.829E-2	4.00E-02	-1.40E-03	
1.83E-2	8.00E-02	-1.40E-03	
1.831E-2	4.00E-02	-1.20E-03	
1.832E-2	8.00E-02	-1.20E-03	
1.833E-2	4.00E-02	-1.40E-03	
1.834E-2	8.00E-02	-1.40E-03	
1.835E-2	8.00E-02	-1.20E-03	
1.836E-2	4.00E-02	-1.40E-03	
1.837E-2	8.00E-02	-1.40E-03	
1.838E-2	4.00E-02	-1.20E-03	
1.839E-2	8.00E-02	-1.20E-03	
1.84E-2	4.00E-02	-1.20E-03	
1.841E-2	8.00E-02	-1.20E-03	
1.842E-2	4.00E-02	-1.40E-03	
1.843E-2	8.00E-02	-1.20E-03	
1.844E-2	8.00E-02	-1.20E-03	
1.845E-2	8.00E-02	-1.20E-03	
1.846E-2	4.00E-02	-1.20E-03	
1.847E-2	8.00E-02	-1.20E-03	
1.848E-2	4.00E-02	-1.20E-03	
1.849E-2	8.00E-02	-1.40E-03	
1.85E-2	8.00E-02	-1.20E-03	
1.851E-2	8.00E-02	-1.40E-03	
1.852E-2	4.00E-02	-1.20E-03	
1.853E-2	8.00E-02	-1.20E-03	
1.854E-2	4.00E-02	-1.20E-03	
1.855E-2	8.00E-02	-1.20E-03	
1.856E-2	4.00E-02	-1.40E-03	
1.857E-2	8.00E-02	-1.20E-03	
1.858E-2	4.00E-02	-1.40E-03	
1.859E-2	4.00E-02	-1.40E-03	
1.86E-2	8.00E-02	-1.20E-03	
1.861E-2	4.00E-02	-1.40E-03	
1.862E-2	4.00E-02	-1.20E-03	
1.863E-2	8.00E-02	-1.40E-03	
1.864E-2	4.00E-02	-1.40E-03	
1.865E-2	8.00E-02	-1.40E-03	
1.866E-2	4.00E-02	-1.20E-03	
1.867E-2	4.00E-02	-1.40E-03	
1.868E-2	8.00E-02	-1.20E-03	
1.869E-2	8.00E-02	-1.40E-03	
1.87E-2	8.00E-02	-1.20E-03	
1.871E-2	8.00E-02	-1.40E-03	
1.872E-2	8.00E-02	-1.40E-03	
1.873E-2	8.00E-02	-1.40E-03	
1.874E-2	4.00E-02	-1.20E-03	
1.875E-2	8.00E-02	-1.40E-03	
1.876E-2	4.00E-02	-1.20E-03	
1.877E-2	4.00E-02	-1.40E-03	
1.878E-2	8.00E-02	-1.20E-03	
1.879E-2	8.00E-02	-1.40E-03	
1.88E-2	4.00E-02	-1.40E-03	
1.881E-2	4.00E-02	-1.40E-03	
1.882E-2	4.00E-02	-1.40E-03	
1.883E-2	8.00E-02	-1.20E-03	
1.884E-2	8.00E-02	-1.40E-03	
1.885E-2	4.00E-02	-1.20E-03	
1.886E-2	8.00E-02	-1.40E-03	
1.887E-2	4.00E-02	-1.20E-03	
1.888E-2	8.00E-02	-1.40E-03	
1.889E-2	4.00E-02	-1.40E-03	
1.89E-2	8.00E-02	-1.20E-03	
1.891E-2	4.00E-02	-1.20E-03	
1.892E-2	4.00E-02	-1.20E-03	
1.893E-2	8.00E-02	-1.20E-03	
1.894E-2	8.00E-02	-1.40E-03	
1.895E-2	4.00E-02	-1.40E-03	
1.896E-2	8.00E-02	-1.40E-03	
1.897E-2	4.00E-02	-1.20E-03	
1.898E-2	4.00E-02	-1.40E-03	
1.899E-2	4.00E-02	-1.20E-03	
1.9E-2	4.00E-02	-1.20E-03	
1.901E-2	4.00E-02	-1.40E-03	
1.902E-2	4.00E-02	-1.20E-03	
1.903E-2	4.00E-02	-1.40E-03	
1.904E-2	8.00E-02	-1.40E-03	
1.905E-2	8.00E-02	-1.40E-03	
1.906E-2	8.00E-02	-1.40E-03	
1.907E-2	4.00E-02	-1.20E-03	
1.908E-2	4.00E-02	-1.20E-03	
1.909E-2	8.00E-02	-1.20E-03	
1.91E-2	8.00E-02	-1.20E-03	
1.911E-2	8.00E-02	-1.20E-03	
1.912E-2	4.00E-02	-1.40E-03	
1.913E-2	8.00E-02	-1.40E-03	
1.914E-2	4.00E-02	-1.40E-03	
1.915E-2	8.00E-02	-1.40E-03	
1.916E-2	4.00E-02	-1.20E-03	
1.917E-2	4.00E-02	-1.40E-03	
1.918E-2	4.00E-02	-1.20E-03	
1.919E-2	4.00E-02	-1.40E-03	
1.92E-2	4.00E-02	-1.20E-03	
1.921E-2	4.00E-02	-1.40E-03	
1.922E-2	4.00E-02	-1.40E-03	
1.923E-2	4.00E-02	-1.20E-03	
1.924E-2	4.00E-02	-1.40E-03	
1.925E-2	4.00E-02	-1.20E-03	
1.926E-2	8.00E-02	-1.20E-03	
1.927E-2	4.00E-02	-1.20E-03	
1.928E-2	4.00E-02	-1.20E-03	
1.929E-2	4.00E-02	-1.40E-03	
1.93E-2	8.00E-02	-1.40E-03	
1.931E-2	8.00E-02	-1.20E-03	
1.932E-2	4.00E-02	-1.20E-03	
1.933E-2	4.00E-02	-1.40E-03	
1.934E-2	8.00E-02	-1.40E-03	
1.935E-2	8.00E-02	-1.20E-03	
1.936E-2	8.00E-02	-1.40E-03	
1.937E-2	4.00E-02	-1.20E-03	
1.938E-2	4.00E-02	-1.20E-03	
1.939E-2	8.00E-02	-1.20E-03	
1.94E-2	8.00E-02	-1.20E-03	
1.941E-2	4.00E-02	-1.40E-03	
1.942E-2	4.00E-02	-1.40E-03	
1.943E-2	8.00E-02	-1.20E-03	
1.944E-2	8.00E-02	-1.20E-03	
1.945E-2	4.00E-02	-1.20E-03	
1.946E-2	8.00E-02	-1.40E-03	
1.947E-2	8.00E-02	-1.20E-03	
1.948E-2	4.00E-02	-1.20E-03	
1.949E-2	4.00E-02	-1.40E-03	
1.95E-2	4.00E-02	-1.20E-03	
1.951E-2	4.00E-02	-1.40E-03	
1.952E-2	4.00E-02	-1.20E-03	
1.953E-2	4.00E-02	-1.20E-03	
1.954E-2	4.00E-02	-1.40E-03	
1.955E-2	4.00E-02	-1.40E-03	
1.956E-2	4.00E-02	-1.20E-03	
1.957E-2	8.00E-02	-1.40E-03	
1.958E-2	4.00E-02	-1.20E-03	
1.959E-2	4.00E-02	-1.40E-03	
1.96E-2	8.00E-02	-1.20E-03	
1.961E-2	4.00E-02	-1.40E-03	
1.962E-2	4.00E-02	-1.40E-03	
1.963E-2	4.00E-02	-1.20E-03	
1.964E-2	8.00E-02	-1.20E-03	
1.965E-2	4.00E-02	-1.40E-03	
1.966E-2	8.00E-02	-1.20E-03	
1.967E-2	4.00E-02	-1.20E-03	
1.968E-2	8.00E-02	-1.20E-03	
1.969E-2	8.00E-02	-1.20E-03	
1.97E-2	8.00E-02	-1.20E-03	
1.971E-2	4.00E-02	-1.40E-03	
1.972E-2	4.00E-02	-1.20E-03	
1.973E-2	4.00E-02	-1.40E-03	
1.974E-2	8.00E-02	-1.40E-03	
1.975E-2	8.00E-02	-1.20E-03	
1.976E-2	8.00E-02	-1.20E-03	
1.977E-2	4.00E-02	-1.20E-03	
1.978E-2	4.00E-02	-1.40E-03	
1.979E-2	4.00E-02	-1.40E-03	
1.98E-2	8.00E-02	-1.20E-03	
1.981E-2	8.00E-02	-1.20E-03	
1.982E-2	4.00E-02	-1.20E-03	
1.983E-2	4.00E-02	-1.40E-03	
1.984E-2	4.00E-02	-1.40E-03	
1.985E-2	8.00E-02	-1.20E-03	
1.986E-2	8.00E-02	-1.40E-03	
1.987E-2	8.00E-02	-1.20E-03	
1.988E-2	8.00E-02	-1.40E-03	
1.989E-2	8.00E-02	-1.40E-03	
1.99E-2	4.00E-02	-1.20E-03	
1.991E-2	4.00E-02	-1.40E-03	
1.992E-2	4.00E-02	-1.20E-03	
1.993E-2	8.00E-02	-1.20E-03	
1.994E-2	8.00E-02	-1.20E-03	
1.995E-2	4.00E-02	-1.20E-03	
1.996E-2	8.00E-02	-1.20E-03	
1.997E-2	8.00E-02	-1.20E-03	
1.998E-2	4.00E-02	-1.20E-03	
1.999E-2	8.00E-02	-1.40E-03	
2.E-2	4.00E-02	-1.20E-03	
2.001E-2	8.00E-02	-1.40E-03	
2.002E-2	8.00E-02	-1.40E-03	
2.003E-2	8.00E-02	-1.20E-03	
2.004E-2	4.00E-02	-1.40E-03	
2.005E-2	4.00E-02	-1.40E-03	
2.006E-2	4.00E-02	-1.40E-03	
2.007E-2	8.00E-02	-1.20E-03	
2.008E-2	8.00E-02	-1.20E-03	
2.009E-2	4.00E-02	-1.40E-03	
2.01E-2	4.00E-02	-1.20E-03	
2.011E-2	4.00E-02	-1.40E-03	
2.012E-2	8.00E-02	-1.40E-03	
2.013E-2	4.00E-02	-1.20E-03	
2.014E-2	4.00E-02	-1.20E-03	
2.015E-2	4.00E-02	-1.40E-03	
2.016E-2	4.00E-02	-1.40E-03	
2.017E-2	4.00E-02	-1.40E-03	
2.018E-2	8.00E-02	-1.20E-03	
2.019E-2	8.00E-02	-1.40E-03	
2.02E-2	4.00E-02	-1.20E-03	
2.021E-2	4.00E-02	-1.40E-03	
2.022E-2	8.00E-02	-1.20E-03	
2.023E-2	8.00E-02	-1.20E-03	
2.024E-2	4.00E-02	-1.40E-03	
2.025E-2	8.00E-02	-1.20E-03	
2.026E-2	8.00E-02	-1.40E-03	
2.027E-2	4.00E-02	-1.20E-03	
2.028E-2	4.00E-02	-1.20E-03	
2.029E-2	4.00E-02	-1.40E-03	
2.03E-2	4.00E-02	-1.40E-03	
2.031E-2	8.00E-02	-1.20E-03	
2.032E-2	4.00E-02	-1.20E-03	
2.033E-2	4.00E-02	-1.20E-03	
2.034E-2	8.00E-02	-1.40E-03	
2.035E-2	4.00E-02	-1.20E-03	
2.036E-2	4.00E-02	-1.40E-03	
2.037E-2	8.00E-02	-1.40E-03	
2.038E-2	8.00E-02	-1.20E-03	
2.039E-2	4.00E-02	-1.20E-03	
2.04E-2	8.00E-02	-1.40E-03	
2.041E-2	4.00E-02	-1.20E-03	
2.042E-2	4.00E-02	-1.40E-03	
2.043E-2	8.00E-02	-1.40E-03	
2.044E-2	4.00E-02	-1.20E-03	
2.045E-2	4.00E-02	-1.40E-03	
